,x1,x2,t
0,-0.23759345756579262,-0.41683684935532933,0.0
1,-1.1079148365887967,1.000885367625529,0.0
2,0.2545786340694893,-0.7028083034624393,0.0
3,-1.1423360629578039,0.6487767829052952,0.0
4,-0.7361885860724642,0.4850719893438099,0.0
5,-0.0797256022746401,-0.023476621462503903,0.0
6,-0.40464667126680576,0.7410933208378002,0.0
7,1.267823281113926,-0.7955780611777482,0.0
8,-0.49074788344662007,0.9668857284411618,0.0
9,-1.8145007826480009,1.148777311394752,0.0
10,-2.1703546357225214,1.4554331560421867,0.0
11,0.7051428268654126,-0.5542865000799069,0.0
12,-0.879544234395249,1.1609056897309074,0.0
13,-0.22959682302443474,0.4781356432215364,0.0
14,1.0662851543113219,-1.0556885302034056,0.0
15,-2.9926837972758458,1.8791083523320993,0.0
16,0.20709968616636923,-0.2507313917278883,0.0
17,0.8335119079564276,-0.8946519265397692,0.0
18,-0.15550631279910956,0.043287212578737175,0.0
19,-0.16583335193794277,-0.3194668165533409,0.0
20,-0.7227287140697548,0.4370003378293452,0.0
21,1.550734310617433,-0.6088372942883485,0.0
22,0.4457011547911112,-0.6603412273273277,0.0
23,1.9638833023814097,-1.7851818737111889,0.0
24,0.8664872674388934,-1.1767992569969457,0.0
25,-0.6064100136690428,0.8465234628953868,0.0
26,0.8384306399261466,-0.589907055168865,0.0
27,-0.45171018439372745,0.3909767992354086,0.0
28,1.025674031459742,-0.8088794760619401,0.0
29,1.5845655797516927,-1.403453514092965,0.0
30,-0.2879213317785102,-0.26291861193027577,0.0
31,1.589064619055761,-0.4637760098860549,0.0
32,2.0085271541257823,-1.9662711447844659,0.0
33,0.4164895342662968,-0.1972141267034169,0.0
34,-0.13340247026601604,0.5585735094095003,0.0
35,-0.7385464658384442,0.7436910438825682,0.0
36,1.2804929442282664,-1.4019358907037809,0.0
37,-0.40877551642285637,0.648268328707673,0.0
38,-1.167522484287271,1.0937299828916527,0.0
39,1.0276068729268235,-1.2714719775262395,0.0
40,-0.04446560762955121,0.4828411708806507,0.0
41,-0.806497960071027,1.1562888710385026,0.0
42,1.1222045727734793,-1.3117486521839126,0.0
43,-0.46491423628935263,0.612317369217143,0.0
44,-1.1157137168893043,0.5668135768809061,0.0
45,-1.2283382589565768,-0.010234531569561963,0.0
46,0.4951773861693729,-0.46425337191828714,0.0
47,0.5355317994532106,-0.14674881831776743,0.0
48,0.21510342522732814,-0.2074478016507692,0.0
49,-0.8697262734612952,0.4747726491464795,0.0
50,-1.603908663770739,1.3147651376079215,0.0
51,-0.541120877942784,0.6372494980521612,0.0
52,0.4362237326573581,-0.38952605977313637,0.0
53,-0.4081213635986527,0.19924436856175953,0.0
54,-2.3715085089316457,1.9181511429260494,0.0
55,0.2511405413254444,0.2534473682246798,0.0
56,-0.25371643571579555,0.7365017586275778,0.0
57,1.4413185756194085,-1.5460244879052525,0.0
58,0.2435172994972499,0.31926664637730706,0.0
59,0.7881392452362831,-0.8129457530029706,0.0
60,-1.7465443922730224,1.918260837996913,0.0
61,-0.43644343023056786,0.4080472140240452,0.0
62,-1.5773178236865264,0.7405307413481613,0.0
63,0.6678796716042302,-0.9209816773570999,0.0
64,-0.12422205782310639,0.1255636136011296,0.0
65,2.1018541182908517,-2.052239166087027,0.0
66,1.463822060615342,-0.1994321860340685,0.0
67,0.5012933360915584,-0.027778981976967435,0.0
68,0.48601404942135945,-0.5955591524993546,0.0
69,1.0211822873014311,-0.6418053884679408,0.0
70,-1.5750024093235546,1.0090961702316934,0.0
71,-0.3297685910228758,0.6793129887049404,0.0
72,-1.4589361750557994,1.2475222312089016,0.0
73,-1.790863826615708,1.3049238827631988,0.0
74,-0.4244594255499712,0.2771914392638059,0.0
75,0.4117796309111605,0.14997620107060833,0.0
76,0.008568339716135142,1.3667909992603542,0.0
77,-0.21666361004149565,-0.04347015735367232,0.0
78,-1.2234221204689748,1.4122679244542047,0.0
79,0.6033543844119422,0.06159202281729084,0.0
80,-1.8839817662599887,1.2975487395700362,0.0
81,0.5070139600017947,0.10294765906028727,0.0
82,0.9962281325632529,-0.1574976237195685,0.0
83,0.09089736952547076,0.176001669193056,0.0
84,-0.5485061106870749,0.1345429744690784,0.0
85,-0.12884318541889667,-0.1086281032006037,0.0
86,0.5237822914930989,0.0394695274950266,0.0
87,-0.8309683359114687,0.8032506809466823,0.0
88,-0.05788075558856795,0.8170471900025668,0.0
89,-0.18670203061384028,0.07990965373874487,0.0
90,-0.9726005872274583,0.7926159890101299,0.0
91,1.5062748043544545,-0.5873728980313099,0.0
92,1.0067379428362595,-0.8636208048428241,0.0
93,-0.622105719814251,0.5519773115839377,0.0
94,-1.5449566829637917,2.4907935607485476,0.0
95,-0.8880194019135582,0.26763768214962813,0.0
96,-0.9008435285557566,0.1832546442826364,0.0
97,-0.48542137093831766,0.9419224111984615,0.0
98,-0.14862830812718225,0.7937134995929176,0.0
99,-0.515302950334721,0.16569238389300076,0.0
100,0.5865807366538514,-0.02559917086371089,0.0
101,2.1370809890327513,-1.9839880769371778,0.0
102,1.7432493056226923,-0.6784781590147306,0.0
103,0.967733609778059,-2.0174976199630694,0.0
104,-0.7103279891821179,1.0890214190056413,0.0
105,0.7477239798993508,-0.8717297463429005,0.0
106,1.4044914817855407,-1.554626881718653,0.0
107,-0.659966149119645,0.7299143007009942,0.0
108,0.030327315302307076,-0.36499000223294825,0.0
109,-0.6126175070226648,1.410146531362255,0.0
110,-1.709966943751885,1.0971515623399866,0.0
111,-0.3819935744649682,0.011142751014308155,0.0
112,0.41454093121872915,-0.20035800199663362,0.0
113,-2.686995022347442,2.864777969078731,0.0
114,-0.18892334529381508,-0.007541655416702759,0.0
115,-1.0409311742819956,0.32592517048787467,0.0
116,-0.5823957105209129,1.036302246478244,0.0
117,1.2437579836195123,-0.4555163343188102,0.0
118,-2.561135879652542,2.250010370511942,0.0
119,-0.995370716086663,0.8217909553384106,0.0
120,0.8116365934979075,-0.3760521191012552,0.0
121,-0.7277492840489302,0.17705765475161978,0.0
122,1.5055774979508805,-1.3619508807240936,0.0
123,1.0741055647453055,-1.6257522962629807,0.0
124,0.07825134412572292,-0.26012413810249363,0.0
125,-0.00020765098773573932,0.9714146256952567,0.0
126,1.550237759701661,-0.8148268872875943,0.0
127,1.332629383089341,-1.2640327057488159,0.0
128,-0.5999945106361827,1.7561474559037669,0.0
129,2.0219715070030295,-1.1838069859258347,0.0
130,0.050633627721017836,0.07252126483225264,0.0
131,-0.19823043369980023,1.1299988742639042,0.0
132,-2.4561525231299557,2.7002050509298208,0.0
133,0.34011929179608574,-0.6535167659918993,0.0
134,1.7909858614579133,-2.4781193930734773,0.0
135,-1.5503799366425277,0.7852236347876308,0.0
136,1.069663267003273,-1.3116495239955452,0.0
137,0.46636038744380953,-0.8550430566264958,0.0
138,0.8564298342392841,-1.1139763049798526,0.0
139,-1.3421693129302479,1.6988331115217388,0.0
140,-0.3472715825398571,0.04678298015031135,0.0
141,-0.11121027281415143,0.2705252478408795,0.0
142,0.5544825172147014,-1.0581928409068018,0.0
143,-0.47267585251122807,0.15539222134956665,0.0
144,0.7353777309706149,-0.7317347936779901,0.0
145,-0.1836806712925511,-0.26576335490786007,0.0
146,-1.5825168670361622,1.737903060142393,0.0
147,0.32897760339439097,0.02348457076437333,0.0
148,-1.422153251334246,1.4447542929421546,0.0
149,2.2910293151657517,-2.849799869243712,0.0
150,0.08816479304967749,-0.016891428330733683,0.0
151,-1.3264642061421033,1.574779778856701,0.0
152,0.45349247576023394,-0.05550737337711241,0.0
153,0.8402566728269004,-0.37225812886672177,0.0
154,1.9131248041026567,-1.176139675819216,0.0
155,0.33788372340591233,0.07575942234453502,0.0
156,-0.11351623482678957,-0.5172544257598326,0.0
157,0.20341145096525734,-0.1693923771952516,0.0
158,-0.2361102676722862,0.30586561611254237,0.0
159,-0.5682179978589588,0.3243689586256858,0.0
160,1.5818512123222155,-1.775782257730854,0.0
161,1.3258576724896551,-1.4030140604182633,0.0
162,0.28733221429900857,-0.2481500435125788,0.0
163,0.660506088772743,-0.35897080537883647,0.0
164,-0.4518844948599088,0.7845197099488286,0.0
165,-0.23370892571400428,0.5999144056131435,0.0
166,-0.9482268449610602,1.0126693999745358,0.0
167,2.026776635216773,-2.2947325483600363,0.0
168,-2.142666020278686,1.1680193425310594,0.0
169,-0.28987573574887693,0.04320586835139786,0.0
170,-1.4326422465282866,1.64330171326847,0.0
171,0.22438396989308362,-0.18698660098204462,0.0
172,2.0831489434111625,-1.1351651638787421,0.0
173,-0.986125633483236,0.6051768837740442,0.0
174,0.6484432525565733,-0.354923750251892,0.0
175,0.42940554217813726,-0.7798670016000081,0.0
176,-0.9456984246229252,0.9278409102386158,0.0
177,-0.25967550296576153,0.7307513546819948,0.0
178,1.1022124888837797,-0.3403784883575386,0.0
179,-1.2548344830725031,0.8266282884132112,0.0
180,1.2371706765839379,-1.1320954586078376,0.0
181,-0.5706978524541721,0.28791136600863326,0.0
182,0.12303648800623836,-0.17594226251595663,0.0
183,0.3512672679546307,-0.12822956070465308,0.0
184,-1.187869955375998,2.104233027221276,0.0
185,0.6902869347651875,-0.6550503594152005,0.0
186,0.4798608834343591,-0.4533720132511577,0.0
187,0.6143584512983291,0.06337671388104708,0.0
188,-1.1766747464913356,0.9694881326913927,0.0
189,-1.5936773327024647,1.3404024565918091,0.0
190,-0.10510347170242089,0.42974777908269196,0.0
191,0.08490986037776357,-0.3656851973502983,0.0
192,-0.246036315617943,0.673888533900895,0.0
193,0.4436476048143135,0.4281767167395411,0.0
194,-0.9311453576831672,0.7497597957698132,0.0
195,-0.9002319620803668,0.8235529268089371,0.0
196,-0.4100305974463292,0.7778981929759075,0.0
197,-0.2628699651688468,1.0439046533456267,0.0
198,-0.19562411221191964,0.48947229793480007,0.0
199,-0.16535751238656635,-0.45212696702882377,0.0
200,0.37502774472648687,0.4879937253356522,1.0
201,2.3294906883735846,2.5261095968890452,1.0
202,-0.7776235293211908,-0.22244618271892042,1.0
203,-0.7574317040082147,-0.2081891308909465,1.0
204,-0.018681655773336685,-0.17361541897599336,1.0
205,-0.40744846279381,-0.8384965750276706,1.0
206,-1.1577230528149378,-1.6493919695181158,1.0
207,-1.3999091873777174,-1.6259361744442429,1.0
208,0.6404460444782245,0.18526086658063529,1.0
209,0.12225775851248542,0.19539360733443173,1.0
210,1.8156766870427665,1.0384673635394388,1.0
211,0.3236275768868068,-0.3355055016770603,1.0
212,-0.9150365447147306,-0.37183326212954104,1.0
213,-0.22449369201888633,1.2360084166539462,1.0
214,0.24860402206062338,-0.23214974878983033,1.0
215,-1.9665660343451634,-1.7494228791044475,1.0
216,0.5088849696179609,0.4918043634428528,1.0
217,-1.7676650011928996,-1.028386883949725,1.0
218,0.2514837331342803,-0.22585087078449936,1.0
219,0.36354146767860623,0.6855452601933802,1.0
220,-0.13745305596712754,0.025036239630471097,1.0
221,-0.7287430428269599,-0.005964365643069035,1.0
222,0.34164619405737434,0.28922143947605117,1.0
223,2.1085401925176064,2.0436096176874665,1.0
224,1.9061854925523398,1.560160337153292,1.0
225,0.06035974523904389,-0.2156391918565718,1.0
226,0.630048618337478,-0.39064428747061486,1.0
227,0.3733547974234094,0.4511193923613932,1.0
228,-0.10371620604058733,0.08257947755984409,1.0
229,0.544185741382092,0.8512804678824222,1.0
230,0.6155294201364833,0.4932526150200167,1.0
231,-1.3150850628404558,-0.6601580684490512,1.0
232,-0.5943896751628066,-1.0939330369332563,1.0
233,0.4193364601047724,0.20580235084441592,1.0
234,-0.4717748465567677,0.2628738815634147,1.0
235,-0.8894899607543294,-1.4243449402480222,1.0
236,-0.4241288827749848,-0.2968991017460768,1.0
237,0.7128103393780698,0.5491417444691472,1.0
238,-1.155636094514561,-1.2121979590899132,1.0
239,0.21924843768418384,0.028034593305865944,1.0
240,3.2742231667643655,3.341058514224508,1.0
241,-1.4120096193648068,-0.4680208217114268,1.0
242,-2.1643763125711843,-2.58808764209896,1.0
243,0.06739677095014221,-0.15098303982692898,1.0
244,-0.1141370352350462,-0.5722901258152221,1.0
245,-0.49275656205901675,-0.17131213172290977,1.0
246,-0.7766796372125824,-0.5724104755329162,1.0
247,-1.0223373966049283,-1.0968436047039503,1.0
248,0.37211737753458307,0.3666105580626391,1.0
249,0.14621259207951373,0.34059180973055275,1.0
250,-1.072042423315002,-1.1020214648725166,1.0
251,2.018606182403222,1.285409877638461,1.0
252,-0.6029257516264631,-0.3132650880401632,1.0
253,0.023133288778186687,-1.1466977435017338,1.0
254,-1.4419412435090238,-0.17878074415450082,1.0
255,0.022408929486418455,-0.05945079162299634,1.0
256,-0.9925873266816748,-1.3011095046689953,1.0
257,0.7173567298231842,1.277858164415812,1.0
258,0.7257468691440451,1.053509191803241,1.0
259,0.5446930738040356,0.42472505101617264,1.0
260,0.7276996726081274,0.9734223885688187,1.0
261,0.043836977415668,-0.009985066594647,1.0
262,0.5185053092947136,0.2753044595330846,1.0
263,-1.318120506565542,-0.9280142266013817,1.0
264,-0.7434251747898855,-1.2509084324108783,1.0
265,-0.08454235759496434,-0.8269350132744033,1.0
266,-1.9882534030154402,-1.1601115095539238,1.0
267,-1.5326506042847816,-1.2970246855572105,1.0
268,-0.5692073338441861,-0.6279286211916646,1.0
269,0.5683396576025995,0.9811859368223542,1.0
270,-0.9603511053110364,-1.143494331641205,1.0
271,1.4834237560189922,1.2391465967136814,1.0
272,0.569806410854043,0.25217235995507725,1.0
273,2.19233581955383,1.5061892576441072,1.0
274,-0.4020116885600894,0.4249966699464131,1.0
275,1.4544524787696895,1.504252451299809,1.0
276,0.3108586238317269,0.4361517455266496,1.0
277,-0.26208248257143696,0.22237013469548975,1.0
278,0.16333876769550634,-0.16649584999619302,1.0
279,-0.1672026780880242,-0.139878004848359,1.0
280,-0.9047908167464477,-0.665435540628941,1.0
281,-0.5361111259500385,-0.5447501355387261,1.0
282,0.2895882155411354,0.1473138968748569,1.0
283,-0.4205640651065722,0.1094506204509343,1.0
284,-1.2980588923121383,-1.5876792673226756,1.0
285,0.2345403265277437,0.21042117657398174,1.0
286,-1.5881891210268433,-1.9879874122671346,1.0
287,0.46631302088850307,-0.6028352756079906,1.0
288,-0.12425247694967556,-0.553388762893399,1.0
289,-0.18337870233911086,0.22869893743362663,1.0
290,1.8921114576718407,0.8334505359841751,1.0
291,-0.23807745973649572,-0.5327976082372522,1.0
292,-0.8335049966220943,-0.16268566022479092,1.0
293,1.2983422059812086,0.6943370730083588,1.0
294,1.285801350593934,0.4849054017445389,1.0
295,0.5933704774299741,1.0720017725034814,1.0
296,1.193120497782426,0.49666717055074483,1.0
297,-0.4839767582258227,-0.25369167047798835,1.0
298,2.100404672674122,2.127228331280517,1.0
299,0.4443190013220725,0.6153081944648112,1.0
300,0.914522687109057,0.7006662660467912,1.0
301,0.6360377612444966,1.6385283607826355,1.0
302,-0.7291346873687307,-0.3844857954843768,1.0
303,-0.7792756042143623,-0.7096877870152964,1.0
304,-1.478890799510311,-1.2050576916390907,1.0
305,-2.86643308447583,-2.4327723921796602,1.0
306,-1.375975961890094,-1.9527862874234458,1.0
307,0.5694031148839171,0.39471500418487315,1.0
308,1.510361648989795,1.2945916184893305,1.0
309,0.6786771840644575,0.1875290486292614,1.0
310,-0.729345068692344,-0.9712971030858842,1.0
311,0.17467987321271922,-0.4974160823985053,1.0
312,0.3430686110520813,0.011536466377481463,1.0
313,0.46083821565530075,0.954450013839131,1.0
314,-0.21340638574203774,-0.6630904779864064,1.0
315,0.6983025237089454,1.071830896149032,1.0
316,0.758096731572719,0.6850892817514904,1.0
317,-1.7190257905639241,-1.127387299033163,1.0
318,-0.08898688976495457,-0.0816230866746479,1.0
319,-0.26287925133995443,-0.3236145658594992,1.0
320,-0.38503363964704884,0.20168142125875296,1.0
321,-0.5313177869905241,-0.3882304980809197,1.0
322,-0.12168127747553445,0.33286426757322285,1.0
323,0.26783776361049727,0.5180332526629542,1.0
324,1.0747130341126196,0.9534605103014897,1.0
325,-0.23488311261355832,-0.4874674777615821,1.0
326,-0.33204257044299595,-0.2694129012034127,1.0
327,0.2666961181234661,0.5787786283852927,1.0
328,-0.20531563737294872,-0.3793134630133376,1.0
329,-0.3995402583313986,0.006361157386339888,1.0
330,1.2280715776096989,0.684647135526212,1.0
331,-0.6627853971130424,-1.104807088695365,1.0
332,1.0887936228836241,0.07127936209835102,1.0
333,0.2874525142121668,0.35996195998334213,1.0
334,1.4137496708148256,1.539587952052695,1.0
335,1.4557762222167379,1.2290906506288746,1.0
336,-1.3853185410521216,-0.7124523550924321,1.0
337,-0.046107039844550425,0.48997808150066835,1.0
338,0.527535800890966,0.9092486309489589,1.0
339,1.5576825417146165,1.7264826397984439,1.0
340,0.5895585202861086,0.09102935254433717,1.0
341,0.38816973427507845,0.19658176315821024,1.0
342,0.10211406127983515,0.35994560015065863,1.0
343,1.035818318144421,0.6582067727818409,1.0
344,0.27442459967619437,-0.013947521398776846,1.0
345,0.4575758763082951,-0.14063279270244933,1.0
346,-0.42599316937632703,-0.9138619102410865,1.0
347,-0.9410115266948045,-0.6090957939608457,1.0
348,0.6664524171603904,0.9224367775839968,1.0
349,-1.1731226790346057,-1.321626675266157,1.0
350,-0.11274698408145153,-0.5555486336590523,1.0
351,-1.002773217502246,-0.9408098383039843,1.0
352,-1.6696839885009136,-1.2706938141497561,1.0
353,0.2681953404258042,-0.14946894510686834,1.0
354,-1.0612746240924813,-0.5719262529290174,1.0
355,0.14018483775666757,0.5499172293312174,1.0
356,-0.3199790603384244,-0.45647976906192345,1.0
357,0.7901720007873505,0.7363270661580318,1.0
358,-0.6855403208798831,-1.1247046616750225,1.0
359,0.19488195854185472,0.12417947102446643,1.0
360,0.9713040450829223,0.519225509112076,1.0
361,-0.5750587086812855,-0.12604992150381164,1.0
362,0.5706612576726573,0.030508547466435817,1.0
363,0.13631670842994995,-0.04718899505104506,1.0
364,0.11101022720442784,-0.4211942661691865,1.0
365,-0.49861892073704145,-0.7850077180799088,1.0
366,-0.8644606831248514,-0.9617056820935306,1.0
367,0.7241943003077944,0.5495756200261933,1.0
368,-0.4333852786367545,-0.278462801316795,1.0
369,-0.4720756432809855,-1.1142551113471075,1.0
370,0.8682316593414011,0.7118490461887268,1.0
371,2.278169416897992,2.042657722475266,1.0
372,-0.17086892525621386,-0.5153647289944815,1.0
373,0.2862111627034696,-0.017125651354271725,1.0
374,0.39612905934050935,-0.10927534047363756,1.0
375,-1.0779801331424739,-0.7344898670466923,1.0
376,-0.5676906451819339,0.21298330377506774,1.0
377,-0.381298153710353,-0.45645587128339715,1.0
378,2.2257067048278887,1.7554793626121166,1.0
379,-0.9451043646987479,-0.26642389062557925,1.0
380,0.3400371832366451,0.7058524349215645,1.0
381,0.7791803105960058,0.6433746607101342,1.0
382,0.7289047582241657,0.5490423384604035,1.0
383,0.43208144427378137,0.5521814713194203,1.0
384,0.817040533435843,1.5306287157113663,1.0
385,-0.21710567644166,-1.0656161272983444,1.0
386,0.9726471974383357,1.9545547905365988,1.0
387,0.9034381207349547,1.1539222123845387,1.0
388,0.30324057013967276,1.6707938514187972,1.0
389,1.1584181957558422,1.9154404203456317,1.0
390,-0.35057967783995797,-0.5210002921645481,1.0
391,0.5317693373899721,0.11081715304623145,1.0
392,1.934627543272803,2.1831550429239073,1.0
393,-1.8349102775404769,-1.9586037520052202,1.0
394,-0.6849365917501661,-0.2689265191804202,1.0
395,1.501754836935522,1.2933311866066577,1.0
396,1.373547008356185,1.6708566921447305,1.0
397,0.6561190569399973,1.327963727840461,1.0
398,-0.7470630248157585,-1.1437590204467472,1.0
399,-0.5316551268443453,-0.4216960678774155,1.0
