,x1,x2,t
0,2.4168368493553296,4.762406542434207,0.0
1,0.9991146323744713,3.892085163411203,0.0
2,2.7028083034624393,5.25457863406949,0.0
3,1.3512232170947052,3.8576639370421963,0.0
4,1.5149280106561902,4.263811413927535,0.0
5,2.0234766214625037,4.92027439772536,0.0
6,1.2589066791622,4.595353328733194,0.0
7,2.795578061177748,6.267823281113927,0.0
8,1.0331142715588384,4.509252116553379,0.0
9,0.8512226886052483,3.1854992173519987,0.0
10,0.5445668439578137,2.8296453642774786,0.0
11,2.5542865000799067,5.705142826865413,0.0
12,0.8390943102690926,4.120455765604751,0.0
13,1.5218643567784635,4.770403176975565,0.0
14,3.0556885302034056,6.066285154311322,0.0
15,0.12089164766790184,2.007316202724154,0.0
16,2.2507313917278884,5.207099686166369,0.0
17,2.894651926539769,5.833511907956428,0.0
18,1.9567127874212629,4.844493687200891,0.0
19,2.319466816553341,4.834166648062057,0.0
20,1.562999662170655,4.2772712859302455,0.0
21,2.608837294288348,6.550734310617433,0.0
22,2.6603412273273275,5.445701154791111,0.0
23,3.7851818737111884,6.96388330238141,0.0
24,3.1767992569969454,5.8664872674388935,0.0
25,1.1534765371046132,4.393589986330957,0.0
26,2.5899070551688648,5.8384306399261465,0.0
27,1.6090232007645915,4.548289815606273,0.0
28,2.8088794760619398,6.025674031459742,0.0
29,3.4034535140929645,6.584565579751693,0.0
30,2.2629186119302758,4.71207866822149,0.0
31,2.4637760098860544,6.589064619055761,0.0
32,3.966271144784465,7.008527154125783,0.0
33,2.197214126703417,5.416489534266297,0.0
34,1.4414264905904997,4.866597529733983,0.0
35,1.2563089561174319,4.261453534161555,0.0
36,3.4019358907037804,6.280492944228267,0.0
37,1.351731671292327,4.591224483577143,0.0
38,0.9062700171083475,3.832477515712729,0.0
39,3.2714719775262395,6.027606872926824,0.0
40,1.5171588291193494,4.955534392370448,0.0
41,0.8437111289614976,4.193502039928973,0.0
42,3.3117486521839123,6.122204572773479,0.0
43,1.3876826307828574,4.535085763710647,0.0
44,1.4331864231190943,3.8842862831106952,0.0
45,2.010234531569562,3.771661741043423,0.0
46,2.464253371918287,5.495177386169373,0.0
47,2.1467488183177674,5.535531799453211,0.0
48,2.207447801650769,5.215103425227328,0.0
49,1.5252273508535208,4.130273726538705,0.0
50,0.685234862392079,3.396091336229261,0.0
51,1.362750501947839,4.4588791220572155,0.0
52,2.3895260597731363,5.436223732657358,0.0
53,1.8007556314382405,4.591878636401347,0.0
54,0.08184885707395106,2.628491491068354,0.0
55,1.7465526317753202,5.251140541325444,0.0
56,1.2634982413724223,4.746283564284204,0.0
57,3.5460244879052523,6.441318575619409,0.0
58,1.680733353622693,5.24351729949725,0.0
59,2.8129457530029707,5.788139245236283,0.0
60,0.0817391620030874,3.253455607726977,0.0
61,1.591952785975955,4.563556569769432,0.0
62,1.2594692586518392,3.422682176313473,0.0
63,2.9209816773570996,5.66787967160423,0.0
64,1.8744363863988704,4.875777942176893,0.0
65,4.052239166087027,7.101854118290852,0.0
66,2.199432186034068,6.4638220606153425,0.0
67,2.0277789819769674,5.501293336091559,0.0
68,2.5955591524993546,5.486014049421359,0.0
69,2.6418053884679407,6.021182287301431,0.0
70,0.9909038297683073,3.424997590676445,0.0
71,1.3206870112950597,4.670231408977124,0.0
72,0.7524777687910988,3.5410638249442004,0.0
73,0.6950761172368016,3.209136173384292,0.0
74,1.722808560736194,4.575540574450029,0.0
75,1.8500237989293915,5.411779630911161,0.0
76,0.6332090007396458,5.008568339716135,0.0
77,2.0434701573536724,4.783336389958504,0.0
78,0.5877320755457955,3.776577879531025,0.0
79,1.938407977182709,5.603354384411942,0.0
80,0.7024512604299642,3.1160182337400113,0.0
81,1.8970523409397126,5.507013960001794,0.0
82,2.157497623719568,5.996228132563253,0.0
83,1.823998330806944,5.090897369525471,0.0
84,1.8654570255309217,4.451493889312925,0.0
85,2.1086281032006036,4.871156814581103,0.0
86,1.9605304725049733,5.523782291493099,0.0
87,1.196749319053318,4.169031664088531,0.0
88,1.1829528099974334,4.9421192444114315,0.0
89,1.920090346261255,4.813297969386159,0.0
90,1.2073840109898704,4.027399412772541,0.0
91,2.5873728980313095,6.5062748043544545,0.0
92,2.863620804842824,6.00673794283626,0.0
93,1.4480226884160625,4.377894280185749,0.0
94,-0.49079356074854763,3.455043317036208,0.0
95,1.7323623178503722,4.111980598086442,0.0
96,1.8167453557173638,4.099156471444243,0.0
97,1.0580775888015386,4.514578629061682,0.0
98,1.2062865004070824,4.851371691872817,0.0
99,1.8343076161069993,4.484697049665279,0.0
100,2.025599170863711,5.586580736653851,0.0
101,3.983988076937177,7.137080989032752,0.0
102,2.6784781590147304,6.743249305622692,0.0
103,4.017497619963069,5.96773360977806,0.0
104,0.9109785809943589,4.289672010817882,0.0
105,2.8717297463429,5.747723979899351,0.0
106,3.5546268817186526,6.404491481785541,0.0
107,1.2700856992990062,4.340033850880355,0.0
108,2.364990002232948,5.030327315302308,0.0
109,0.5898534686377452,4.387382492977335,0.0
110,0.9028484376600139,3.290033056248115,0.0
111,1.988857248985692,4.6180064255350315,0.0
112,2.2003580019966336,5.414540931218729,0.0
113,-0.8647779690787307,2.3130049776525574,0.0
114,2.007541655416703,4.811076654706185,0.0
115,1.6740748295121255,3.9590688257180044,0.0
116,0.9636977535217561,4.417604289479087,0.0
117,2.45551633431881,6.2437579836195125,0.0
118,-0.25001037051194164,2.4388641203474575,0.0
119,1.1782090446615894,4.004629283913337,0.0
120,2.3760521191012547,5.811636593497908,0.0
121,1.8229423452483804,4.27225071595107,0.0
122,3.361950880724093,6.505577497950881,0.0
123,3.6257522962629807,6.074105564745306,0.0
124,2.2601241381024937,5.078251344125723,0.0
125,1.0285853743047433,4.999792349012264,0.0
126,2.8148268872875937,6.550237759701662,0.0
127,3.2640327057488157,6.332629383089341,0.0
128,0.24385254409623314,4.400005489363817,0.0
129,3.183806985925834,7.02197150700303,0.0
130,1.9274787351677474,5.050633627721018,0.0
131,0.8700011257360958,4.8017695663002,0.0
132,-0.7002050509298199,2.5438474768700434,0.0
133,2.653516765991899,5.340119291796086,0.0
134,4.478119393073477,6.790985861457914,0.0
135,1.2147763652123695,3.449620063357472,0.0
136,3.311649523995545,6.069663267003273,0.0
137,2.8550430566264957,5.466360387443809,0.0
138,3.1139763049798526,5.856429834239284,0.0
139,0.3011668884782617,3.657830687069752,0.0
140,1.9532170198496888,4.652728417460143,0.0
141,1.7294747521591205,4.8887897271858485,0.0
142,3.0581928409068015,5.554482517214701,0.0
143,1.8446077786504336,4.5273241474887715,0.0
144,2.73173479367799,5.735377730970615,0.0
145,2.26576335490786,4.816319328707449,0.0
146,0.2620969398576072,3.417483132963837,0.0
147,1.9765154292356266,5.3289776033943905,0.0
148,0.5552457070578458,3.5778467486657535,0.0
149,4.849799869243711,7.291029315165753,0.0
150,2.0168914283307338,5.088164793049677,0.0
151,0.42522022114329894,3.673535793857896,0.0
152,2.0555073733771123,5.453492475760234,0.0
153,2.3722581288667217,5.8402566728269,0.0
154,3.1761396758192157,6.913124804102657,0.0
155,1.924240577655465,5.337883723405913,0.0
156,2.5172544257598326,4.88648376517321,0.0
157,2.1693923771952517,5.203411450965257,0.0
158,1.6941343838874576,4.763889732327714,0.0
159,1.6756310413743143,4.431782002141041,0.0
160,3.775782257730854,6.581851212322216,0.0
161,3.403014060418263,6.325857672489655,0.0
162,2.2481500435125787,5.287332214299009,0.0
163,2.3589708053788363,5.660506088772743,0.0
164,1.2154802900511716,4.548115505140091,0.0
165,1.4000855943868564,4.766291074285996,0.0
166,0.9873306000254645,4.05177315503894,0.0
167,4.294732548360036,7.026776635216773,0.0
168,0.8319806574689412,2.8573339797213135,0.0
169,1.9567941316486022,4.710124264251123,0.0
170,0.35669828673153026,3.567357753471713,0.0
171,2.1869866009820447,5.224383969893084,0.0
172,3.1351651638787414,7.083148943411162,0.0
173,1.3948231162259561,4.013874366516764,0.0
174,2.354923750251892,5.648443252556573,0.0
175,2.779867001600008,5.429405542178137,0.0
176,1.0721590897613844,4.054301575377075,0.0
177,1.2692486453180052,4.740324497034238,0.0
178,2.3403784883575383,6.102212488883779,0.0
179,1.173371711586789,3.7451655169274964,0.0
180,3.1320954586078376,6.237170676583938,0.0
181,1.712088633991367,4.429302147545828,0.0
182,2.1759422625159566,5.123036488006238,0.0
183,2.128229560704653,5.351267267954631,0.0
184,-0.10423302722127614,3.8121300446240016,0.0
185,2.6550503594152004,5.690286934765187,0.0
186,2.453372013251158,5.479860883434359,0.0
187,1.9366232861189527,5.614358451298329,0.0
188,1.0305118673086078,3.823325253508664,0.0
189,0.6595975434081915,3.406322667297535,0.0
190,1.570252220917308,4.894896528297579,0.0
191,2.3656851973502984,5.084909860377763,0.0
192,1.3261114660991051,4.7539636843820565,0.0
193,1.5718232832604588,5.443647604814314,0.0
194,1.250240204230187,4.068854642316833,0.0
195,1.176447073191063,4.099768037919633,0.0
196,1.2221018070240925,4.58996940255367,0.0
197,0.9560953466543733,4.737130034831153,0.0
198,1.5105277020652,4.80437588778808,0.0
199,2.452126967028824,4.834642487613434,0.0
200,0.6377831308640127,0.43949744074312913,1.0
201,-0.7753775569424977,-2.283778659465214,1.0
202,1.0093687988978435,1.8530637738531675,1.0
203,1.0011572274440577,1.8275918034704,1.0
204,1.1583239963363885,1.0863910710776947,1.0
205,1.6832079244280589,1.7296976553560661,1.0
206,2.252473605876589,2.786266603653986,1.0
207,2.1682622431550205,3.0156319118608375,1.0
208,0.9903526428165341,0.296616854616362,1.0
209,0.8478042101167719,0.8030589307002911,1.0
210,0.49042752897601194,-1.1950989938424263,1.0
211,1.398304330139935,0.8126180203069471,1.0
212,1.1144486490328642,2.0469159216290307,1.0
213,-0.21892004039555624,0.7370886300162025,1.0
214,1.2819368083524825,0.8460401336633232,1.0
215,2.1388128606818575,3.622141965330893,1.0
216,0.6685664102593445,0.3061571491141768,1.0
217,1.5124268451002063,3.1438603391884494,1.0
218,1.2767579875588284,0.8407369332577732,1.0
219,0.44922536908623956,0.37344781255701354,1.0
220,0.941190597604256,1.125585373508628,1.0
221,0.8185223726845601,1.720140179192186,1.0
222,0.8159694685978381,0.5502194819490708,1.0
223,-0.37876792473552556,-1.8771920340146422,1.0
224,0.02350749594802537,-1.4885503203175552,1.0
225,1.2180986699530711,1.0249930987871956,1.0
226,1.5287736185830747,0.5323894141308751,1.0
227,0.6719988383781024,0.4555856972766067,1.0
228,0.8957868543294122,1.0698203147881293,1.0
229,0.33988391845482213,0.13061119788620046,1.0
230,0.6945832556651026,0.20054630088693282,1.0
231,1.2826438252707844,2.553871001123749,1.0
232,1.8752114166611793,2.0138647517238186,1.0
233,0.9142901422857508,0.5063632541070937,1.0
234,0.6319044529595761,1.361748921951635,1.0
235,2.109891511607822,2.43392869260151,1.0
236,1.17006927086375,1.53403178752089,1.0
237,0.6670465298943623,0.08283875030707721,1.0
238,1.8422448760595245,2.6130006780172756,1.0
239,1.0299451840546503,0.7730638503258951,1.0
240,-1.2985308816687877,-3.533474051279314,1.0
241,1.077239502442346,2.5740975053412174,1.0
242,2.8759966939467763,4.145414011639621,1.0
243,1.1591576822744227,0.9927415941351718,1.0
244,1.5083926640307033,1.336539328915231,1.0
245,1.034456403295045,1.5524480238024183,1.0
246,1.338419149333429,1.989184164079857,1.0
247,1.7680841645322805,2.436528704558651,1.0
248,0.7510812247887064,0.4898991921563399,1.0
249,0.7175332548004876,0.7226023479953974,1.0
250,1.7601888361753897,2.487515359523848,1.0
251,0.3105089826825157,-1.4916880564660557,1.0
252,1.1395455220568924,1.7165539913956422,1.0
253,2.0833155978378217,1.4262742080122355,1.0
254,0.7978007580973201,2.4903100491182437,1.0
255,1.061609610633359,1.0012090590626357,1.0
256,1.9676390342454035,2.4872181070443897,1.0
257,-0.0164499372183895,-0.20701327951520754,1.0
258,0.1964904529644892,-0.12741979688971172,1.0
259,0.7407831865407155,0.29715557583220265,1.0
260,0.27223711929871364,-0.09798035860770549,1.0
261,1.0206351828782068,0.96073129337658,1.0
262,0.8744480429957062,0.38146510973937475,1.0
263,1.5335281254468849,2.661756489729286,1.0
264,1.9844371488095571,2.222136601329936,1.0
265,1.7552410877432902,1.407110792537138,1.0
266,1.579559366938586,3.4127225704854935,1.0
267,1.8251572071602855,3.017575263681337,1.0
268,1.4438429455984552,1.8065676173713803,1.0
269,0.22403231897008358,0.055947334261760795,1.0
270,1.8278277276648163,2.3937418107527675,1.0
271,0.2165845835533965,-0.9464215830612033,1.0
272,0.9093516611078726,0.339992849008003,1.0
273,0.14767581242812056,-1.7492697669808663,1.0
274,0.49749186698568326,1.229543740923166,1.0
275,-0.039932376394237856,-1.0217037269094105,1.0
276,0.6700177612829572,0.5230052965203689,1.0
277,0.7237914395393115,1.1710658238309664,1.0
278,1.1983627367408793,0.9043147040602021,1.0
279,1.0884980823849888,1.2194707967385505,1.0
280,1.3929321646499506,2.1518020737432004,1.0
281,1.3741892080259333,1.7413945213809638,1.0
282,0.9359341109060988,0.657068714866482,1.0
283,0.7891996044661332,1.3713891698667808,1.0
284,2.158464866640797,2.900328557398786,1.0
285,0.8625100491683957,0.6865767744708247,1.0
286,2.460091695566021,3.3428692294919196,1.0
287,1.6861032372521456,0.7767637826764002,1.0
288,1.4880371222938615,1.3391009408127308,1.0
289,0.7380499038256225,1.0910649698576267,1.0
290,0.7026727321371664,-1.1900994733174488,1.0
291,1.4394698387445268,1.4431536505699385,1.0
292,0.9388751796201877,1.8847035288720908,1.0
293,0.680945188199759,-0.5507643562410387,1.0
294,0.8744967045186633,-0.4563958471854457,1.0
295,0.14513239912854559,-0.004272312438829973,1.0
296,0.8396531253947276,-0.36971219890698026,1.0
297,1.1141098169401142,1.5760607984308237,1.0
298,-0.4594202025847751,-1.9019246971753891,1.0
299,0.5359534646751878,0.3213884231246431,1.0
300,0.5764652453520305,-0.17518463132490902,1.0
301,-0.3761927174709754,-0.2681575964420484,1.0
302,1.1740606503029556,1.8687593685934898,1.0
303,1.4667312570739157,2.0455005674682534,1.0
304,1.752550966178585,2.9286070528095216,1.0
305,2.5498400706588815,4.776109500522001,1.0
306,2.481497501253618,3.1200562597715367,1.0
307,0.775322559061429,0.28456872310494896,1.0
308,0.17140679938178638,-0.9946680525208074,1.0
309,0.998036198683068,0.25807132544817535,1.0
310,1.7253436715466124,2.0987687702898867,1.0
311,1.5121894414801427,1.0227360681158209,1.0
312,1.077232819095714,0.6575631022224647,1.0
313,0.22155443402609287,0.17230525848660672,1.0
314,1.5682196718093753,1.469877107555249,1.0
315,0.17223088701662537,-0.10756239050297078,1.0
316,0.5509432071367629,-0.015006531295343128,1.0
317,1.6179289854723526,3.1347209344630236,1.0
318,1.0538442243782038,1.1196157350807634,1.0
319,1.2365653926767295,1.3856646338761858,1.0
320,0.7116656952374582,1.3002734018082542,1.0
321,1.2283621280808377,1.6753782088936715,1.0
322,0.656020477619786,0.9895012728860586,1.0
323,0.5820419776043915,0.5333146481773888,1.0
324,0.3800768140680887,-0.43196767480865117,1.0
325,1.397700079461406,1.4222554414335764,1.0
326,1.1678848937726525,1.4325637912517173,1.0
327,0.524675737749017,0.5106505570184625,1.0
328,1.3036747597546552,1.3507774015142249,1.0
329,0.8914542288797067,1.391051975314162,1.0
330,0.6720096108649267,-0.47775381111307125,1.0
331,1.867869692964681,2.0854922461666927,1.0
332,1.212542545610283,-0.10036444521655619,1.0
333,0.7355929062549434,0.5758968877681574,1.0
334,-0.08358089580205008,-0.99544967204577,1.0
335,0.2189350027733633,-0.9152510180611575,1.0
336,1.3137465899198786,2.643529315651593,1.0
337,0.5278058690424012,0.8535338107327459,1.0
338,0.2811457435448085,0.12431020810749693,1.0
339,-0.22222715724705755,-1.2104122295407405,1.0
340,1.0658238737829335,0.38364271100320746,1.0
341,0.9149522628881143,0.5406730512283318,1.0
342,0.6880285664928165,0.7584597800983454,1.0
343,0.6474967188898337,-0.27803195597790586,1.0
344,1.0835540822291265,0.7351565812081444,1.0
345,1.2495991208287764,0.6043658773552449,1.0
346,1.7492564687460712,1.7774779497986364,1.0
347,1.3306997959878255,2.1654157991784615,1.0
348,0.30441724598134035,-0.017685874549458358,1.0
349,1.9405692198498543,2.6730783518086976,1.0
350,1.4930200899483514,1.3286139783759974,1.0
351,1.6265055235023524,2.356153537992185,1.0
352,1.7652391741413083,3.142240271835054,1.0
353,1.2092837188070333,0.7943641141909726,1.0
354,1.2649035531756743,2.2693176959579064,1.0
355,0.5193146712435213,0.6465653394938968,1.0
356,1.3467400001782583,1.4939389324172372,1.0
357,0.5110371786142578,-0.06666566054166623,1.0
358,1.8807228078991354,2.115697736502362,1.0
359,0.9333572025970678,0.7594131239901296,1.0
360,0.761514228882833,-0.16005936508091256,1.0
361,0.9708019723638734,1.6157895872817745,1.0
362,1.1178347711543184,0.4259569777444243,1.0
363,1.0793312450073604,0.8842091956038121,1.0
364,1.4242302913155132,1.0556006643698852,1.0
365,1.6095475142291682,1.7985527638533707,1.0
366,1.6816454713593592,2.2281001595307774,1.0
367,0.6695613505403817,0.07145575416345684,1.0
368,1.1503712098797023,1.5359293719327276,1.0
369,1.9257051779866197,1.9013450402258099,1.0
370,0.5540747550276944,-0.13396774878439177,1.0
371,-0.33432670467371484,-2.043902316448637,1.0
372,1.440344460876664,1.370127010045397,1.0
373,1.0895659084027618,0.7247915297519141,1.0
374,1.2043628067176602,0.6526104198768656,1.0
375,1.4133511675177641,2.3494342664972327,1.0
376,0.6541557061874859,1.475762739589663,1.0
377,1.3309758341747788,1.554328255264803,1.0
378,-0.07797714817474022,-1.8797646722893053,1.0
379,1.0076926000375956,2.0352528736350637,1.0
380,0.4241118440742093,0.38864676560842815,1.0
381,0.5955486037945211,-0.019437707594172737,1.0
382,0.6712716530150584,0.06702484046861235,1.0
383,0.5921224116187763,0.3581634558396638,1.0
384,-0.22834922457450646,-0.40418871650438204,1.0
385,1.9454619188823905,1.631154628060728,1.0
386,-0.5867008336426902,-0.7234741073901951,1.0
387,0.14776419862374812,-0.3417667816606411,1.0
388,-0.491942692730319,0.04700869827457621,1.0
389,-0.502260276618103,-0.8911390005065001,1.0
390,1.39950436070442,1.5493472207511192,1.0
391,1.0323967760824702,0.4328153323429673,1.0
392,-0.5545239657127783,-1.7605374707436048,1.0
393,2.3691466009951574,3.574380066652708,1.0
394,1.076833679561856,1.7799703297153224,1.0
395,0.1703815115802898,-0.985696830557572,1.0
396,-0.21723484309065166,-1.007256835072341,1.0
397,-0.0792472991449289,-0.16631672162420963,1.0
398,1.8828312974698571,2.183758882305167,1.0
399,1.259718015490391,1.6888159941442242,1.0
400,4.620945816166908,-0.9081881144026972,2.0
401,1.891823913771335,-1.7663052048877306,2.0
402,1.6895250943463789,1.0063541501685205,2.0
403,5.77630862820759,-0.34623073803061755,2.0
404,7.100021303905015,0.4894171733590878,2.0
405,2.4664701512575853,1.7219959828350468,2.0
406,3.7551832986284337,3.8050565002732224,2.0
407,2.505698181627393,-2.3200423115982947,2.0
408,5.358266222835881,-2.636537944960765,2.0
409,3.547818884500684,2.0691568423571063,2.0
410,6.221093768918274,2.4479282837563434,2.0
411,4.994058404002946,0.854101115207266,2.0
412,4.801462785801888,-1.8711813098835683,2.0
413,4.983932667782702,1.5510368732804594,2.0
414,8.52620798119931,-1.3971590167570782,2.0
415,6.5539224979945425,-0.04798691677523493,2.0
416,2.729963288808462,-1.4530073692644025,2.0
417,7.3840815409602705,1.3211135490220336,2.0
418,3.6569409402038686,-0.4497829000503189,2.0
419,4.828658097943992,-2.9803369317366153,2.0
420,3.8858341481187995,3.6265939240820306,2.0
421,1.7844294999697992,3.511019779905846,2.0
422,3.3660690780920195,-1.615623122876863,2.0
423,1.496776930406495,1.6160929262462298,2.0
424,5.475827518550211,-2.0966917398352654,2.0
425,5.356094889775214,1.1703311988168408,2.0
426,5.698738045875954,1.3486267329529422,2.0
427,3.038274435083646,1.4640240108571565,2.0
428,4.792813118306297,-5.497569983030263,2.0
429,4.66631123595349,0.90126220625109,2.0
430,-0.25679427734196114,0.5905394543957438,2.0
431,3.6926407322128503,1.6887546519011922,2.0
432,2.82131441077267,1.6809422857977896,2.0
433,4.203666993414305,-0.20797939732774243,2.0
434,4.699808916645065,1.843128719338704,2.0
435,4.594720080098627,-1.6783400458914708,2.0
436,5.192897216342919,-1.0742510148391187,2.0
437,9.085358096906447,-2.012708369370078,2.0
438,2.7009640309135254,-0.9690761565403688,2.0
439,3.928161961420685,-0.802249159504436,2.0
440,4.743239665973364,-1.1407123016134826,2.0
441,3.615296798499745,6.610813633033528,2.0
442,7.013788258294417,-2.783091738140435,2.0
443,2.2868448229230243,-1.072461958124355,2.0
444,4.101903478124425,-1.0150890428757036,2.0
445,2.3347184192130293,-2.095835448344258,2.0
446,6.678531020905762,-0.976087096142381,2.0
447,3.942233970482503,1.5218668295782087,2.0
448,1.9156295930104998,-0.366713698847326,2.0
449,2.75173844242454,0.2837846593589248,2.0
450,2.4683248658896426,0.771399372133861,2.0
451,2.3213834034502323,-0.29193095698081023,2.0
452,2.0038155343678663,1.5979733864090377,2.0
453,2.6332485940337875,-0.7566244190932163,2.0
454,3.1197771333940336,2.7075598880856013,2.0
455,0.8734090057710047,0.9331933649892308,2.0
456,3.135822246390526,0.5064571767652895,2.0
457,4.896409419764224,-0.21514813210904773,2.0
458,5.965103221016095,0.4938543384465821,2.0
459,4.705272716297244,-2.8965973831143557,2.0
460,5.922497625083852,-0.7120816094887444,2.0
461,3.540061969779142,-3.603234861896474,2.0
462,4.925791791472966,1.2231795650230894,2.0
463,5.345456290097653,-1.1425964689974455,2.0
464,4.994157022756765,-0.9173825258474757,2.0
465,1.3604603908320305,-1.9950767220348116,2.0
466,1.5319864544110717,1.672104056822948,2.0
467,3.6608999324745723,1.7790385563481546,2.0
468,7.282555131133941,-0.24664998787728307,2.0
469,3.6036754768996486,-2.099367623727882,2.0
470,5.784323657321231,2.6789770034597034,2.0
471,-0.6986935979461997,-0.8838590565605078,2.0
472,4.699258465103048,-0.8570403770193696,2.0
473,3.7421465273334134,-2.179912375640609,2.0
474,3.6749733514204506,-2.481245923854967,2.0
475,2.1388690519443534,1.9013022021422021,2.0
476,5.719511713761398,-1.692052368110932,2.0
477,1.5667008569929708,1.2588489758314487,2.0
478,1.082885734481648,-0.175117367119755,2.0
479,7.490844237924687,2.039169533647365,2.0
480,2.5198603193614346,-1.6374492784979877,2.0
481,1.688630911247766,1.557201723899061,2.0
482,2.474863241530647,1.192070270875591,2.0
483,8.149022378880979,-0.4385844667876933,2.0
484,2.353080059510614,-1.9313253157965014,2.0
485,2.4162043837000478,1.7938680195208812,2.0
486,2.091452387946015,4.488995560606305,2.0
487,1.7082065847270598,-1.5015078885609265,2.0
488,6.145551685499832,-2.685323245845038,2.0
489,6.33829057490459,-2.2323318904405247,2.0
490,3.074879165052042,1.8522824008372978,2.0
491,3.026989315342716,2.9960434720623703,2.0
492,2.9483554932533664,0.06804862689485748,2.0
493,4.778516410245951,-1.591645083173892,2.0
494,5.41311048474332,1.2560223566565005,2.0
495,3.39551466097423,-1.560641291326219,2.0
496,4.233785729256075,-2.8134059615200306,2.0
497,7.4560895224299095,0.6855927262886202,2.0
498,2.676795718053615,1.6520144562852124,2.0
499,2.9566274710782974,0.31205212785132685,2.0
500,3.9202808884676874,-3.0840999769634507,2.0
501,4.619689699225352,0.9021597222057512,2.0
502,1.7287054643608193,0.8337333218713934,2.0
503,1.9388095410287174,-0.6603957678647377,2.0
504,3.269303218478374,-0.14437127190135546,2.0
505,1.6918610273524481,-1.4236720191535555,2.0
506,3.7878882868197787,-0.2173103129055462,2.0
507,5.8129887279224866,0.2870770267886012,2.0
508,4.071083697599336,1.4416774449104035,2.0
509,0.8057057833867707,1.0111029975058456,2.0
510,0.8576918171860357,-0.958384350815987,2.0
511,2.9081319374885473,-1.7165754139462757,2.0
512,5.63956893152687,-0.8553052956835926,2.0
513,3.312745327738142,1.8707893289163717,2.0
514,3.597199964336215,2.224697900242932,2.0
515,4.831595243835187,0.34855322960196383,2.0
516,3.241608421224746,-1.5112009634851318,2.0
517,2.2190351543100935,0.9158593370432746,2.0
518,4.616794922031392,-4.2573524966879095,2.0
519,3.4517175919498206,0.22529718747168698,2.0
520,4.828420175863697,-0.3547555822376237,2.0
521,4.061970405522638,-1.22542657306248,2.0
522,6.065892632874025,-1.3996028675564955,2.0
523,1.1783721757637968,0.6512326115419954,2.0
524,5.73039712871525,-0.6990541830052399,2.0
525,3.98601209453244,1.396295989778061,2.0
526,4.985748369919934,-0.9010875596806586,2.0
527,5.15407292496694,-0.752584092713887,2.0
528,5.992778575487106,-1.6374460919779878,2.0
529,8.123275281200964,-0.09775322144414435,2.0
530,6.209050951611275,-2.242514861455284,2.0
531,2.119573802280157,1.3027466370369647,2.0
532,2.062456795061565,-0.601244010349233,2.0
533,4.147274078311113,2.3996891409746874,2.0
534,2.0222163831550306,1.0421401421574088,2.0
535,2.4876524221473595,2.212798124433618,2.0
536,3.2199636618820877,-0.7403645601523087,2.0
537,3.521664468744602,1.4672080576779145,2.0
538,3.890554954911032,-1.735739315379006,2.0
539,2.4168192830420865,-1.6689711539559557,2.0
540,3.652969713830187,2.0814979232228312,2.0
541,2.124733737549321,0.9604975507173046,2.0
542,0.5471499436102563,4.342092071192978,2.0
543,2.779653816056812,2.8120575113682307,2.0
544,1.7060200101627991,0.6412835450134395,2.0
545,1.6256285071948136,1.3729364108694977,2.0
546,5.91567402426285,-2.249154090689319,2.0
547,2.835192268103481,2.8849377156104845,2.0
548,2.4013964337756315,-0.727429815850171,2.0
549,2.796037992095015,1.9116711429261146,2.0
550,5.799764276830773,-0.40607099732214935,2.0
551,3.6903006205460422,-1.8656332431835738,2.0
552,4.110411903812942,0.46855112477957184,2.0
553,7.4701886211566135,0.2667826558379283,2.0
554,5.314729753012252,-0.4529752556833754,2.0
555,4.066215512490569,-1.5752476045728516,2.0
556,3.5954643471090257,-1.5176797400346478,2.0
557,4.622459229529145,-0.09737658748235288,2.0
558,6.367060313793831,-1.2375118009490638,2.0
559,2.7817366096966887,0.5450071120135334,2.0
560,3.723045513603029,1.242446074673993,2.0
561,2.9502234986348355,1.3716197078735428,2.0
562,3.89010260778924,-1.3630476030486947,2.0
563,4.189710851308655,-0.5482818383596909,2.0
564,2.288008780088461,0.08631409012125806,2.0
565,4.3399275712370295,-1.2822740683143414,2.0
566,5.004576647202046,4.8788984350410045,2.0
567,3.9084133026129964,-2.780639044262006,2.0
568,6.064357306495633,-2.0652804419695956,2.0
569,3.9666621286835477,0.5151892610321641,2.0
570,4.536811712952129,-0.28142147322368843,2.0
571,6.4127554064720265,3.5016743181862617,2.0
572,4.676446763375387,0.6902684848198477,2.0
573,4.792236642061589,-0.4547634215094488,2.0
574,6.344363134126418,2.982432288493525,2.0
575,4.876495824265453,-1.5116517078751759,2.0
576,5.506962824507198,-0.8060363128539456,2.0
577,2.709227466319598,-1.1268318221387057,2.0
578,3.9623083827605012,0.4023366872826146,2.0
579,3.595573439932597,-0.4468531517283835,2.0
580,3.158449793337746,1.0525156021359288,2.0
581,3.946362842142992,0.2276718319938718,2.0
582,4.588535015971484,-1.0026392491824094,2.0
583,3.2982472339805953,-0.7550198454435565,2.0
584,1.8296926630922528,-0.4085826026083591,2.0
585,2.53771082351347,0.17086801986286984,2.0
586,5.016933913767804,-1.2198843920729645,2.0
587,5.171717607827695,0.3622097722057997,2.0
588,4.161962669066057,-2.4368992526614113,2.0
589,5.649440093180296,1.880608997421787,2.0
590,6.7546528640639245,-0.38299773318351615,2.0
591,0.5739293909301124,2.3357323449945233,2.0
592,2.268318755300931,1.5513481867584107,2.0
593,4.2716160908592515,-1.0387467973947142,2.0
594,3.4365947877171013,-1.5277689208491008,2.0
595,3.445735318008151,-0.7715051550025214,2.0
596,2.903850980976792,3.970644627693012,2.0
597,4.006038961273179,-0.20369793067792288,2.0
598,5.531036342451631,4.062004135309859,2.0
599,2.571971895923297,3.0094914739841303,2.0
