,x1,x2,t
0,1.9080500801348088,3.5366493471883205,0.0
1,3.081791679198325,4.760674831802429,0.0
2,1.5088708637615698,3.9977279897051075,0.0
3,2.9188215029985862,3.8963678988767345,0.0
4,2.626493456316078,4.438486219436328,0.0
5,2.0288551183200525,4.769232812294604,0.0
6,2.5877522145087704,5.752317579242794,0.0
7,0.9414974455726468,6.055972413826633,0.0
8,2.747750265534279,6.064676588068052,0.0
9,3.5201295878480097,3.511397064060608,0.0
10,3.859989891802612,3.4013869728600366,0.0
11,1.3539263872864633,5.337325001528313,0.0
12,3.0467287253336157,5.6291433403788025,0.0
13,2.3630590947181016,5.5557496970083164,0.0
14,0.9114504679967588,5.023694771837315,0.0
15,4.499176640678074,2.5099696070312074,0.0
16,1.7651376125843399,4.9024365403901875,0.0
17,1.1134706584752156,4.863286762302048,0.0
18,2.1019789267861806,4.749070463533386,0.0
19,1.9211876955743805,3.9148358337613884,0.0
20,2.5949284507663584,4.361091927625808,0.0
21,0.8921631417944376,7.106145756316062,0.0
22,1.432612229728893,4.520050207113535,0.0
23,0.07677014438633911,5.399588542182945,0.0
24,0.9518161294107581,4.3061212971149905,0.0
25,2.7453391469874635,5.536909994782049,0.0
26,1.2672782226826564,5.555715629529212,0.0
27,2.4322893013937152,4.864196022282322,0.0
28,1.058893907770433,5.484767363021329,0.0
29,0.46717854704914163,5.404978890358321,0.0
30,2.012826124653769,3.7682844411449974,0.0
31,0.9469149772124126,7.516221824409655,0.0
32,-0.039028504293404875,5.094487309345051,0.0
33,1.6851766646248336,5.490314717104571,0.0
34,2.354976187654998,5.950711345589054,0.0
35,2.7603717988111836,5.011503626222214,0.0
36,0.6239430421753593,4.7284453162928815,0.0
37,2.542252051154388,5.535522208391447,0.0
38,3.1599980399623604,4.834994950649649,0.0
39,0.8205974348491683,4.454701048775609,0.0
40,2.270502669829614,5.980237559104217,0.0
41,3.0068883992380986,5.7821562548348515,0.0
42,0.7514083406029346,4.5761665537056535,0.0
43,2.5526081537157994,5.3296034253229765,0.0
44,2.863118290100327,3.7726219740820692,0.0
45,2.6248740274466567,2.2304670453019466,0.0
46,1.5078224059387062,5.0691481980026,0.0
47,1.6499974280598457,5.869345174313869,0.0
48,1.7832357942880248,5.0171184947273355,0.0
49,2.689713394498695,4.116856848072159,0.0
50,3.4972480685062948,4.353455420245951,0.0
51,2.6044912482546287,5.21495012914782,0.0
52,1.5763992943637517,5.104419170960169,0.0
53,2.3115720464974663,4.532936840161621,0.0
54,4.200548970309566,3.986262111511234,0.0
55,2.0011833772303116,6.128292866378593,0.0
56,2.5079712156185754,6.079540800569931,0.0
57,0.4675253432859765,4.765870462482723,0.0
58,2.038858595041764,6.2584231596210715,0.0
59,1.1786607259791144,4.944530962349311,0.0
60,3.8800054154327004,5.383969645493272,0.0
61,2.433214559771839,4.936504130258434,0.0
62,3.1890312255686135,3.128887201197702,0.0
63,1.18493132575043,4.434046709895041,0.0
64,2.1281373457711608,5.002999809915267,0.0
65,-0.1310048911570103,5.110942405828156,0.0
66,1.146768574462002,7.8272617096261605,0.0
67,1.728591627487091,6.058810284122132,0.0
68,1.4451646543169612,4.7550497029153815,0.0
69,1.1469053224381098,5.848312534884745,0.0
70,3.32561460113884,3.734595180499349,0.0
71,2.5176479281443145,5.7816050343713155,0.0
72,3.3883838678232348,4.527264050167012,0.0
73,3.588105586237022,3.913405252563358,0.0
74,2.359939299010381,4.670698771754628,0.0
75,1.8656976742409745,6.256124227068185,0.0
76,2.696753523001947,8.075396975440604,0.0
77,2.0888463665902957,4.418323212861286,0.0
78,3.3520804644487647,5.422272054976574,0.0
79,1.722081772514679,6.486865367958822,0.0
80,3.6320907127400677,3.688695888070318,0.0
81,1.7927183612134443,6.363915643888646,0.0
82,1.4081511749053766,6.875458432577466,0.0
83,2.043657584564155,5.596804393703974,0.0
84,2.350396787390891,4.0743502872375545,0.0
85,2.010370118370795,4.4689980559423255,0.0
86,1.751552794249726,6.259469355707855,0.0
87,2.838336666931173,4.938021439321853,0.0
88,2.448828565905421,6.6975477535858365,0.0
89,2.136768908279356,4.76120498582851,0.0
90,2.9055369969808194,4.597542203483066,0.0
91,0.9259813902296925,7.054727127192695,0.0
92,1.0405262071240808,5.32001964929854,0.0
93,2.6022918868825275,4.843188112043164,0.0
94,4.070296192235622,7.114955554352873,0.0
95,2.592839575341341,3.6127843026096276,0.0
96,2.5561306284336305,3.3954224748670736,0.0
97,2.732211910727842,6.020767357821049,0.0
98,2.4834111474928067,6.442454339395851,0.0
99,2.3493432353943184,4.2182470077841066,0.0
100,1.6859583336527448,6.2543929152310245,0.0
101,-0.11406382456646602,5.3423261583191035,0.0
102,0.7576800233159695,7.380900664295797,0.0
103,0.46860869115852966,2.652656312893537,0.0
104,2.923046770318937,5.846784251717944,0.0
105,1.1692377673359067,4.722714676630261,0.0
106,0.48200430889352486,4.664287039920444,0.0
107,2.712993626751176,5.156408821836356,0.0
108,1.7972064950022275,4.251671482490356,0.0
109,3.0376560573796354,6.783329112452407,0.0
110,3.440021409493939,3.6297031495055334,0.0
111,2.2016746796800204,4.170752349252552,0.0
112,1.6845635029003916,5.478927589360632,0.0
113,4.847999452447145,5.397534754131385,0.0
114,2.09304684363927,4.5606909032117375,0.0
115,2.7011825100720643,3.4011979711958733,0.0
116,2.8303745312228004,6.014965869832045,0.0
117,1.128290667770508,6.762561910532919,0.0
118,4.468065950692212,4.304302212027386,0.0
119,2.9321842685605004,4.611863855448758,0.0
120,1.3907285459286864,5.973996494694432,0.0
121,2.4641561660129003,3.768616082251099,0.0
122,0.5289889797448184,5.321158879497438,0.0
123,0.6150021404492849,3.7664804087609034,0.0
124,1.8264170401787376,4.593320069410127,0.0
125,2.498431711140221,7.171684815667935,0.0
126,0.7867474354535537,6.644428702110279,0.0
127,0.6679404545859171,5.153386833564034,0.0
128,3.2086753260546654,7.585236578004911,0.0
129,0.355470332337408,6.874192845457164,0.0
130,2.0112281209272114,5.275382711510796,0.0
131,2.681367258287903,7.083497572390308,0.0
132,4.645155623297826,5.545718042241154,0.0
133,1.490275457429147,4.299221943721425,0.0
134,-0.19000478696109413,3.4635227136880995,0.0
135,3.198139351670057,3.289058495640102,0.0
136,0.7784123134458669,4.458902279744547,0.0
137,1.3221343360065507,4.130879130031452,0.0
138,0.9892029781727398,4.424108584058929,0.0
139,3.5600013280631035,5.797524498763866,0.0
140,2.2021457254302477,4.32808705859307,0.0
141,2.1958261902070086,5.356239113993445,0.0
142,1.1727149968130823,3.873669475256042,0.0
143,2.3221921237084975,4.290532232574554,0.0
144,1.2473871548187674,5.008145855424078,0.0
145,1.9578924717648192,3.9950126053346846,0.0
146,3.7033394825586807,5.34745409055044,0.0
147,1.8432853809043792,5.7881293809163665,0.0
148,3.4706925389285983,5.050537465397584,0.0
149,-0.6371897274858438,3.7505510572564607,0.0
150,1.9461072955559162,5.159372088496694,0.0
151,3.4883067613630194,5.555250500461632,0.0
152,1.7388885867852368,5.8899217429608735,0.0
153,1.37799303093976,6.046476557665883,0.0
154,0.4152407598672785,6.647948845248177,0.0
155,1.8655330707777877,5.924934192324853,0.0
156,1.7928866780963375,3.589553924715866,0.0
157,1.8087556713664221,5.076068961481313,0.0
158,2.2780277620577265,5.155977700906597,0.0
159,2.4578874473534094,4.454736972026389,0.0
160,0.27757037274449736,4.566356999518687,0.0
161,0.6001183382096877,4.827473071693288,0.0
162,1.7253033977798151,5.087613997384463,0.0
163,1.4770193880747358,5.674253391283439,0.0
164,2.634261974280412,5.743794952649088,0.0
165,2.4276397458673817,5.818860346787408,0.0
166,3.0059185489944946,5.1440979336539,0.0
167,-0.21688743534349664,4.400832363238634,0.0
168,3.698345756403991,2.820623774511975,0.0
169,2.17086725764234,4.448429408498377,0.0
170,3.5779259574892794,5.471048887734906,0.0
171,1.7889713497986035,5.0836230590647205,0.0
172,0.3490396978551502,7.119756172601666,0.0
173,2.816320967162291,4.148172699706693,0.0
174,1.4852835879609754,5.656329559875173,0.0
175,1.379656274156338,4.216344353238913,0.0
176,2.9611053996739796,4.960069383927503,0.0
177,2.5080782576351615,6.0533576269961085,0.0
178,1.2599664432185205,6.703512612747286,0.0
179,3.0677678721077553,4.042501840355316,0.0
180,0.7845921174823904,5.234955330145168,0.0
181,2.4404572355217953,4.367670193189452,0.0
182,1.84662713711538,4.881699091793995,0.0
183,1.7540233169510453,5.498727474956648,0.0
184,3.688813196489886,7.049050120716565,0.0
185,1.3098565299590528,5.078791377776865,0.0
186,1.5212616252734694,5.059230914376806,0.0
187,1.717352332507801,6.5154619000831335,0.0
188,3.100958327045112,4.53671664751533,0.0
189,3.505151173553247,4.433660160023736,0.0
190,2.274372902445597,5.725926739810623,0.0
191,1.7688496126072242,4.3721672601240025,0.0
192,2.4719114905757604,5.9567066444047585,0.0
193,1.9920636018738758,6.949458447432053,0.0
194,2.862286149675566,4.594409553424743,0.0
195,2.884282989825969,4.828540464683979,0.0
196,2.6093946113959583,5.822576950323534,0.0
197,2.6703612348250925,6.74644665554863,0.0
198,2.351447042950893,5.657064518341343,0.0
199,1.852890373748889,3.6192627289761186,0.0
200,0.5572793271657697,1.2525996117870166,1.0
201,-1.490870389528978,1.4396532451023807,1.0
202,1.5130249375645937,2.241414286570638,1.0
203,1.4953530364644658,2.22814372962711,1.0
204,1.0986463179310566,0.6535575734690042,1.0
205,1.6391563183463789,0.036147119472129674,1.0
206,2.440019622363373,-0.09940512017198633,1.0
207,2.5522259189933005,0.49458829216978417,1.0
208,0.5764212920432541,-0.017825000129344293,1.0
209,0.8370482875653908,1.1635367295580197,1.0
210,-0.46414500481498866,-0.7378928801000664,1.0
211,1.0060932468512478,-0.47386636988751585,1.0
212,1.660150281887113,2.2146394654615116,1.0
213,0.4811038948545264,4.265781996274237,1.0
214,0.9915591359124365,-0.07499811206097107,1.0
215,2.9062620908938666,1.4855468559670317,1.0
216,0.48665720355853737,0.9618066034955554,1.0
217,2.4343443527316087,2.653076124433798,1.0
218,0.9868506190635732,-0.06735262237532846,1.0
219,0.4618298638717465,1.720022369075772,1.0
220,1.057668609985871,1.3633371105722878,1.0
221,1.376896948103417,2.616182254870556,1.0
222,0.6763717324817576,0.8827746850524177,1.0
223,-1.1300079099424427,0.8548108208616687,1.0
224,-0.7781978910593148,0.22626423060279954,1.0
225,1.079656675376673,0.3828476149365152,1.0
226,0.8771881695675835,-1.282338721538685,1.0
227,0.5770536647139228,1.1738869205240676,1.0
228,1.0108429129275722,1.4165698124453572,1.0
229,0.2841409391141386,1.686684683986444,1.0
230,0.4312068173742555,0.7265807516880866,1.0
231,2.013278346403964,2.464461279758804,1.0
232,1.8660912769721283,-0.11701291462749408,1.0
233,0.6793105564589397,0.5225232161789756,1.0
234,1.1071639339064394,2.642724495660489,1.0
235,2.186972259363754,-0.19597209225215217,1.0
236,1.3698795516830993,1.2844944391430513,1.0
237,0.35263224030200313,0.6340258960017731,1.0
238,2.2146732401641143,0.8735238258753758,1.0
239,0.8731464816831034,0.5724328457310153,1.0
240,-2.3935678988200357,1.1494483802206954,1.0
241,1.9644352669026595,3.1108231215512516,1.0
242,3.437962568278284,0.05255266433908212,1.0
243,1.0428788511995761,0.5116878981889278,1.0
244,1.3521297037604225,-0.02446145463889149,1.0
245,1.3406600520588607,1.7187715972202309,1.0
246,1.6920686253445005,1.4567597312226286,1.0
247,2.087116915746525,0.8333990539448424,1.0
248,0.6210405649983471,0.9876863773209136,1.0
249,0.7502746110215545,1.43464514408095,1.0
250,2.1152712426652363,0.9329648251771073,1.0
251,-0.6949244762722244,-0.6394767783056594,1.0
252,1.4699959839383394,1.6477009341866649,1.0
253,1.57637640385936,-1.6158217103666521,1.0
254,1.8314128370455989,3.8245127430492922,1.0
255,1.0190020743365258,0.8169560989801741,1.0
256,2.1766416476060497,0.31012343745406323,1.0
257,-0.023523644623540063,2.2533193092352666,1.0
258,0.08726089932589054,1.7328988339291813,1.0
259,0.5026989949077414,0.7317433459200944,1.0
260,0.1273427954889882,1.5494526965039777,1.0
261,0.9826343361604577,0.8796502509049503,1.0
262,0.5927841807544794,0.4561863677472837,1.0
263,2.1522428060479135,1.8723041604494266,1.0
264,2.02307155391194,-0.13476706148357742,1.0
265,1.4675780254637314,-0.6600404440958203,1.0
266,2.6150771223803178,2.8517815687953396,1.0
267,2.4515927954040837,1.5268755715356908,1.0
268,1.6141177871847845,0.8686952097647402,1.0
269,0.20511014205905864,1.9231523445932297,1.0
270,2.0792499372230657,0.5904792963071142,1.0
271,-0.39664912196628244,0.45377966644277923,1.0
272,0.5783337876381391,0.28974867022128425,1.0
273,-0.897303331924578,-0.5342703549579082,1.0
274,0.9882089533372758,2.8492469075810556,1.0
275,-0.5177836042294623,1.1113561238549683,1.0
276,0.6167917661275854,1.2801639372230005,1.0
277,1.0203720046155982,2.083268984086536,1.0
278,1.0016195490481279,0.26246737350870564,1.0
279,1.157529066518127,1.061099826826861,1.0
280,1.8055091252703375,1.5352146681719772,1.0
281,1.5544701279474618,0.9806825873014222,1.0
282,0.7758739453404588,0.681864952009734,1.0
283,1.1595978296296634,2.18514886597976,1.0
284,2.4803524407856856,0.35238915380745806,1.0
285,0.7717395651531793,0.9460679411438773,1.0
286,2.834539853197277,0.10602384349845118,1.0
287,1.0700344389600247,-1.3906882689942592,1.0
288,1.347622621279569,0.040422093018047334,1.0
289,0.9767512099408084,1.9214336145395117,1.0
290,-0.3981838013785628,-1.3672377860162022,1.0
291,1.3954505659516185,0.34098571361347607,1.0
292,1.5110350242371973,2.499997636805669,1.0
293,-0.022222901445974497,-0.3505965360860921,1.0
294,0.09164660210485942,-0.790857784531442,1.0
295,0.14568206170246412,2.0702521119431214,1.0
296,0.13315721633485955,-0.5573169828459441,1.0
297,1.3784159194333905,1.5149331104086619,1.0
298,-1.1687299713090948,1.0599795240491459,1.0
299,0.4564227179209801,1.3823434592850044,1.0
300,0.171425549767509,0.5218025050799555,1.0
301,-0.16682780079305815,3.2416371273717965,1.0
302,1.5712752539229524,1.7706583506233908,1.0
303,1.7638221032244639,1.1556030896629406,1.0
304,2.3768365250154493,1.6123094436900818,1.0
305,3.7184350511498114,1.969694787143856,1.0
306,2.707619003516988,-0.2897870980163566,1.0
307,0.5054178404911822,0.6093855096159293,1.0
308,-0.4389106655220505,0.5175235442937574,1.0
309,0.5556455784075045,-0.09824061785537186,1.0
310,1.872411026443772,0.45897880380167744,1.0
311,1.1655601820293213,-0.5028522441493788,1.0
312,0.8180914335088945,0.25867158778130006,1.0
313,0.27397245728889386,2.1037495352349507,1.0
314,1.4496334039279575,-0.005524198658693802,1.0
315,0.09194071546162719,1.8352348323008916,1.0
316,0.25966119614864236,0.8367503793358276,1.0
317,2.4601791055092157,2.3229438851682156,1.0
318,1.0875210712383951,1.0164659642828486,1.0
319,1.3008649800392136,0.8641917080994681,1.0
320,1.0940577034365904,2.3119347596083015,1.0
321,1.4717183170901647,1.3199529047180274,1.0
322,0.8916654119155791,2.0163947375987137,1.0
323,0.5968566748861395,1.559454121185098,1.0
324,-0.04043107542034674,0.7288711143149011,1.0
325,1.3705580341704122,0.4352041894753904,1.0
326,1.3085401468261906,1.140044197828036,1.0
327,0.5662806064236652,1.6978377075342195,1.0
328,1.299908400497674,0.6109290339309348,1.0
329,1.201696623030967,1.9076231577082647,1.0
330,0.018796003347191004,-0.21513399313357406,1.0
331,1.9067558128739053,0.011609450092481266,1.0
332,0.4048951152848439,-1.2752310551913189,1.0
333,0.6678833823244077,1.1621360497551825,1.0
334,-0.5150302337303523,1.2813829510196115,1.0
335,-0.37730764488508095,0.49311565241114275,1.0
336,2.0761337635392927,2.50457453156688,1.0
337,0.7722989600716677,2.1987227730541323,1.0
338,0.26294513815963483,1.8535358358934968,1.0
339,-0.684741190452105,1.377448493924069,1.0
340,0.6508657878921396,-0.11474510783699587,1.0
341,0.7000288111420342,0.5715962729114163,1.0
342,0.7629683950002589,1.5765288476585404,1.0
343,0.1309834644102854,0.15563491548052555,1.0
344,0.8663780782364898,0.35518033446056474,1.0
345,0.8374116286886436,-0.3376352486376961,1.0
346,1.6873311533093984,-0.09090766867083122,1.0
347,1.7951882772007086,1.742186141194784,1.0
348,0.1849170411651232,1.57239843108399,1.0
349,2.279779415695499,0.6679349694958802,1.0
350,1.342828418297566,0.009865410995444135,1.0
351,1.997037070368352,1.13855432800291,1.0
352,2.50838198623565,1.8921691522036816,1.0
353,0.9390946442908339,0.06607426577506259,1.0
354,1.8378143722152727,2.094216222600303,1.0
355,0.6459851092193066,1.9161894801442552,1.0
356,1.3983149751250683,0.6947751363173579,1.0
357,0.2169225014179258,0.8795990659248107,1.0
358,1.9286360820360502,0.017998680688184665,1.0
359,0.8363249401398062,0.8419044317327894,1.0
360,0.23537447212639828,-0.010878337599396382,1.0
361,1.3596611385149928,2.0040141706235675,1.0
362,0.6916063970000201,-0.20781817825185533,1.0
363,0.9542784477511966,0.5896687727575756,1.0
364,1.15912105457009,-0.1900454251142376,1.0
365,1.6584865717930097,0.359615181146938,1.0
366,1.9368035790100455,0.7825535718341368,1.0
367,0.3465698181000487,0.6095407607490377,1.0
368,1.3651703600028617,1.346417190530099,1.0
369,1.8137705067476648,-0.43595694435050336,1.0
370,0.18943570078932603,0.6503178464915671,1.0
371,-1.2165375540494923,0.47337984177462666,1.0
372,1.3520304368667508,0.22968396487780773,1.0
373,0.8619620452479795,0.32171826368867673,1.0
374,0.8528471471137344,-0.1301185941119143,1.0
375,1.9297774919989297,1.7680675845996592,1.0
376,1.1819610268045613,2.7456400181310565,1.0
377,1.4297587470078963,0.831942234472943,1.0
378,-1.0423053604082355,-0.05146030207352359,1.0
379,1.6215008814511274,2.5175756750293887,1.0
380,0.46346994654953455,1.8179877699736737,1.0
381,0.2702446973943916,0.6963293351266542,1.0
382,0.3444269718457794,0.5978154028106258,1.0
383,0.495083777920579,1.2685518245736116,1.0
384,-0.20432891374052242,2.5956316835085795,1.0
385,1.658022401192433,-0.8973270477345399,1.0
386,-0.501622935921455,3.1956121257909187,1.0
387,-0.05540358210965057,1.560099456210756,1.0
388,-0.01265829139496466,4.057942099793012,1.0
389,-0.5768561987452709,2.6927531546608807,1.0
390,1.4471110906678255,0.6189279216029422,1.0
391,0.6703600857350407,0.058722300530373084,1.0
392,-1.1123778960155222,1.5557243834979229,1.0
393,2.946031636322603,0.7234129827237004,1.0
394,1.4893214513336905,1.9302268015905724,1.0
395,-0.43384887618502566,0.5339505497460117,1.0
396,-0.561746145860937,1.6648046633201545,1.0
397,-0.017812992964789,2.502290354454411,1.0
398,1.969971243042353,0.11296078736715065,1.0
399,1.4890588438595225,1.245875930591963,1.0
400,7.437879187552724,-0.13392741211743583,2.0
401,8.125674235414976,-1.8064862167015892,2.0
402,9.219290610413019,-0.6080494375079236,2.0
403,7.219739010985973,0.6667772543740952,2.0
404,7.040322835362071,1.6735843194657833,2.0
405,9.196755096989927,0.08787278811592168,2.0
406,9.488762997737556,1.6599703654821611,2.0
407,7.696451757662761,-1.7784471207405415,2.0
408,6.53148078171731,-0.5959972635595405,2.0
409,8.926862266928092,0.7539188200513831,2.0
410,8.083386026052251,2.1769427569495705,2.0
411,7.9485506774044055,0.8617088190293145,2.0
412,7.017516490599685,-0.4987588335849492,2.0
413,8.208471652066422,1.1819356428920702,2.0
414,5.82252698553728,1.4589266022808778,2.0
415,7.043519076448859,1.1683984893137451,2.0
416,7.932738648385351,-1.2696258490377443,2.0
417,7.241637883707753,2.1938085225586077,2.0
418,7.960767536059559,-0.3696644698657444,2.0
419,6.59978557934809,-1.003225429150266,2.0
420,9.375130642514263,1.6376780329627654,2.0
421,10.105136454274627,0.6040063411577455,2.0
422,7.639122769726113,-1.0488599815791564,2.0
423,9.514290676583144,-0.4136265621031264,2.0
424,6.686715801761635,-0.2894794358063453,2.0
425,7.931711909076644,1.1779522376379303,2.0
426,7.8712965216892705,1.4208411543600632,2.0
427,8.891723278823267,0.23419785800571796,2.0
428,5.687609182662783,-2.1936041989783615,2.0
429,8.086369694418961,0.7308848860627954,2.0
430,9.781915318871052,-1.7094001253157942,2.0
431,8.733786070559926,0.6440789188836601,2.0
432,9.051220113732755,0.2341783922614249,2.0
433,7.848675777197153,-0.002010668692177459,2.0
434,8.420292718334885,1.185650786305061,2.0
435,7.164406479236844,-0.5052404142035158,2.0
436,7.166579734990426,0.055319076690871605,2.0
437,5.390698872699888,1.432630322482977,2.0
438,8.121295639443614,-1.0575127313875952,2.0
439,7.731495531877961,-0.4075452575172008,2.0
440,7.3074454830538755,-0.18532257193918017,2.0
441,10.571603132926313,2.9029389570199764,2.0
442,5.869024532048998,0.10756280714394824,2.0
443,8.235523511425159,-1.298800686245925,2.0
444,7.589385382895641,-0.42577496497310696,2.0
445,7.841725250486421,-1.753629857009698,2.0
446,6.656535661088633,0.7937685728006818,2.0
447,8.580684587773504,0.6826405179025522,2.0
448,8.631423163781822,-1.1428238570471254,2.0
449,8.56319139020683,-0.44968967251181147,2.0
450,8.846627026381114,-0.3544804018158256,2.0
451,8.5097557792293,-0.9187725342667257,2.0
452,9.321238703466971,-0.18566687303505075,2.0
453,8.224287141041533,-0.9900290832845805,2.0
454,9.31889517107262,0.8520002794026468,2.0
455,9.49240641172249,-1.022676917824493,2.0
456,8.503855421182028,-0.16678807895685033,2.0
457,7.591383317281987,0.3176397132032197,2.0
458,7.459158154397859,1.1464948737289071,2.0
459,6.675926218015057,-1.0217103941112804,2.0
460,7.0315094118387576,0.5643593772567603,2.0
461,6.844501103885474,-1.8944641293055573,2.0
462,8.109321919772986,1.0019630613516408,2.0
463,7.085373615486221,0.09458387928735662,2.0
464,7.297304086577783,0.03579629375907183,2.0
465,8.236909269008544,-2.1609010065978382,2.0
466,9.521937499240584,-0.37109471259918336,2.0
467,8.778643243946757,0.6713747821987422,2.0
468,6.702638396067315,1.4154980717241665,2.0
469,7.373948905181331,-1.1636224634024597,2.0
470,8.328881110893079,2.081024663400196,2.0
471,9.402361067847643,-2.6028785962911165,2.0
472,7.427893167461968,-0.07356619575765996,2.0
473,7.2934370950039575,-1.136614187455244,2.0
474,7.2073580301885,-1.3084313335140505,2.0
475,9.383097933337963,0.018729943794378253,2.0
476,6.745884101398713,0.012802985925096176,2.0
477,9.357260641953097,-0.5475902139649347,2.0
478,9.007978106719259,-1.4417604328139153,2.0
479,7.466353765445804,2.5783822158130456,2.0
480,7.942171841729028,-1.4535833472558757,2.0
481,9.422114914033278,-0.3516323469717555,2.0
482,8.998865169615241,-0.15529305057244785,2.0
483,6.313562183323371,1.7300005968520695,2.0
484,7.895450504736066,-1.6683654532748422,2.0
485,9.241653846785006,0.09794676304105701,2.0
486,10.351783643008128,1.203140059719446,2.0
487,8.29051473743389,-1.7686358524646664,2.0
488,6.224135056484416,-0.2516697876866408,2.0
489,6.3198057657039115,0.04940349136877972,2.0
490,9.020993735199989,0.43229130910371405,2.0
491,9.459053325951249,0.9432439007415238,2.0
492,8.41160738205563,-0.45860394366357154,2.0
493,7.128711306657017,-0.37912319861168564,2.0
494,7.942253255636612,1.244489604218732,2.0
495,7.64851008143334,-1.0094954966261893,2.0
496,6.879830056309327,-1.2027541350100668,2.0
497,6.9815451225064376,1.9310693055667927,2.0
498,9.09371216013768,0.15330853428464636,2.0
499,8.498264013403006,-0.3409798951811802,2.0
500,6.895567628698089,-1.4751382562123934,2.0
501,8.103838045599181,0.7095659514511221,2.0
502,9.141430941425192,-0.6702663719891216,2.0
503,8.514942369726455,-1.2689461212826014,2.0
504,8.215537543989713,-0.4080025836772112,2.0
505,8.325136518483776,-1.7399658466492938,2.0
506,7.998088956733764,-0.2002190520446378,2.0
507,7.439063702651166,0.9791607069444566,2.0
508,8.50384028198672,0.7053285195547215,2.0
509,9.545934761766453,-1.017918154562834,2.0
510,8.802826367412028,-1.9119577523625424,2.0
511,7.770353010347812,-1.3094435227339873,2.0
512,7.082865993934939,0.36566480567594367,2.0
513,8.940355676812793,0.5518258790246916,2.0
514,8.965887450999958,0.8494642594214077,2.0
515,7.8224302240250445,0.5502470629588045,2.0
516,7.723261766355928,-1.058202979202084,2.0
517,8.991372286180809,-0.4033575232240833,2.0
518,6.20822777375839,-1.6974187215214491,2.0
519,8.284373514990545,-0.15059263559000124,2.0
520,7.565055941068492,0.22084725552475395,2.0
521,7.526743458452416,-0.5424642352038754,2.0
522,6.726058517641592,0.3106592049199532,2.0
523,9.276648886437602,-1.0119519858095538,2.0
524,7.106915935979057,0.4808661279096568,2.0
525,8.518430670543996,0.6445044675444999,2.0
526,7.306385317532841,0.03947330630882252,2.0
527,7.299098940641642,0.18719513326538006,2.0
528,6.665502871497015,0.16567462469811264,2.0
529,6.448319062290292,1.8769093382003437,2.0
530,6.363571861510278,-0.01560262841602932,2.0
531,9.170157606382501,-0.2693444839794681,2.0
532,8.49123335367708,-1.1837156426773938,2.0
533,8.8280042445473,1.1875277241976188,2.0
534,9.110146052613523,-0.43624601947241237,2.0
535,9.369390794875383,0.32658675131065873,2.0
536,8.014583635622385,-0.7088905740449367,2.0
537,8.715196047252318,0.46106419281287186,2.0
538,7.4021623363276925,-0.8603216441131073,2.0
539,7.968462808141611,-1.516323628377458,2.0
540,8.892744724856382,0.8086997056445777,2.0
541,9.042447510122797,-0.4265131110595845,2.0
542,10.865477715286916,0.41461122724666005,2.0
543,9.482341079489029,0.7421392330772125,2.0
544,9.079024335260474,-0.770573690679915,2.0
545,9.377537782134661,-0.46692151452278136,2.0
546,6.468978735689888,-0.1554858826974911,2.0
547,9.48871603438249,0.8020147403058028,2.0
548,8.320249839829705,-1.0845186564559937,2.0
549,9.145329524785613,0.32997108562139843,2.0
550,7.189118826256234,0.6498128421770017,2.0
551,7.428027336187536,-1.0142540650657552,2.0
552,8.131654595999976,0.26994290397794685,2.0
553,6.8224045468975865,1.742371842026678,2.0
554,7.350178715029257,0.4017951061409462,2.0
555,7.396586157353647,-0.7035898408278344,2.0
556,7.590800095317354,-0.8962375481883436,2.0
557,7.735383090913152,0.24482104421608086,2.0
558,6.674932937424712,0.5266547096842209,2.0
559,8.648191128005019,-0.3139073583415984,2.0
560,8.558542754658454,0.4501627741919502,2.0
561,8.890122949457407,0.15006016878427145,2.0
562,7.539332820656006,-0.686764145176474,2.0
563,7.728708491778747,-0.16718458476028294,2.0
564,8.661070179462525,-0.7579758700878749,2.0
565,7.4036668173086415,-0.4393713197765051,2.0
566,9.424229014557913,2.7431844016768605,2.0
567,7.011484697500914,-1.3391821572196516,2.0
568,6.481914971688907,-0.00043041413406394685,2.0
569,8.201642584158945,0.22466436888358943,2.0
570,7.699211498620567,0.11907631326220852,2.0
571,8.400294553083391,2.757617078121645,2.0
572,8.005080965854237,0.6372342702187055,2.0
573,7.541593659755333,0.15734770040860727,2.0
574,8.234558886098863,2.483631172052796,2.0
575,7.1220995073264834,-0.29614295772409616,2.0
576,7.149724606660861,0.32680867116988443,2.0
577,8.06026580414096,-1.1272138431120224,2.0
578,8.161757621809903,0.1700166405581658,2.0
579,7.984403674722622,-0.39691121220349973,2.0
580,8.696272438918179,0.0983631228257604,2.0
581,8.103411241332402,0.0811440852165809,2.0
582,7.4150727069797435,-0.19307709429092806,2.0
583,7.9804186321655655,-0.6792237323510051,2.0
584,8.64762289238062,-1.2024136342606708,2.0
585,8.600360525466904,-0.6021282190074153,2.0
586,7.177729237289384,-0.09462614842711682,2.0
587,7.702419001275636,0.7151973286863504,2.0
588,7.044639357171576,-1.0606946513222304,2.0
589,8.084979379285874,1.6458938751553949,2.0
590,6.8465767009411564,1.1057899065168957,2.0
591,10.118080890725725,-0.5083728369293372,2.0
592,9.20686562138593,-0.08408072180717154,2.0
593,7.518301022153305,-0.35767653619655415,2.0
594,7.645492850222759,-0.97501496700668,2.0
595,7.92014081386599,-0.6181433738086138,2.0
596,9.862590388098885,1.34024048817513,2.0
597,7.92289918512252,-0.09215896968087449,2.0
598,8.93040226467893,2.607768569097646,2.0
599,9.631264639808935,0.7373610982473031,2.0
