,x1,x2,t
0,-1.2098859093836045,0.13522891155553746,0.0
1,-1.8912429667086135,1.76258733561172,0.0
2,-3.5784625299584634,0.6706279596304111,0.0
3,-2.482761771771512,-0.761539822831643,0.0
4,-3.6917044558494205,-1.196238917534272,0.0
5,-2.6962114513367013,-0.7860936288919249,0.0
6,-3.333470022581958,0.6112741734190816,0.0
7,-3.006705270842387,2.0058417388962844,0.0
8,-2.4085271753564212,0.5011463586285484,0.0
9,-5.097483182130632,-0.4593254550171587,0.0
10,-3.169845788356041,-0.3874566535457032,0.0
11,-2.1418351550772994,0.4477961497577324,0.0
12,-5.142738637774909,-0.596759241859387,0.0
13,-2.736462946245637,-0.9690297439782223,0.0
14,-3.637142257096712,-0.9557655867298747,0.0
15,-2.281019247085435,0.892205265338783,0.0
16,-2.1446766784070057,0.018005156721859226,0.0
17,-4.5136930345590045,0.3973998242199357,0.0
18,-1.7353290068158382,1.7563506665175443,0.0
19,-3.207422053380709,-0.3409485622421006,0.0
20,-3.264562721231088,0.32373820660795494,0.0
21,-3.643204598731914,1.0140243693928317,0.0
22,-1.9278914323934342,0.21625494884906368,0.0
23,-4.709405839295316,1.1674841355029761,0.0
24,-2.5117668079981508,-1.1318718128012693,0.0
25,-1.1292738218145646,-0.0017453905168259751,0.0
26,-3.0777440597762826,0.487179219477159,0.0
27,-4.155268394121359,0.21547004464282143,0.0
28,-2.9035659854650047,0.0795540559767596,0.0
29,-3.942156119521687,0.7329874740962397,0.0
30,-1.9578748524222496,-0.6678090871348611,0.0
31,-2.856625827639835,0.23905877150531274,0.0
32,-2.8211242145390036,-0.9364762639979525,0.0
33,-3.63654529211177,0.24235811776762645,0.0
34,-3.384059481563453,0.968561515729697,0.0
35,-3.012938498216239,0.8361477562025463,0.0
36,-3.142572731558007,0.8835517611512146,0.0
37,-1.5348124958762117,-2.1249667759784314,0.0
38,-1.7858704371594507,-0.03748186166903664,0.0
39,-2.6613810744279425,0.5340741145104518,0.0
40,-4.438112988171978,0.6898056051604574,0.0
41,-4.644315127041942,-0.6639341452236198,0.0
42,-4.359719093840116,-0.621651122590212,0.0
43,-1.2770122567020543,0.04086545331028271,0.0
44,-2.356084359385456,-0.13617737527312443,0.0
45,-3.6054757708483365,0.29841781402566403,0.0
46,-1.5700645913962958,-1.7747222700244165,0.0
47,-1.7587947123967749,1.006821643126162,0.0
48,-4.54293465207374,-0.27219023395177716,0.0
49,-1.8048397908585765,1.713190832201371,0.0
50,-1.401495116348671,-0.14477663097787843,0.0
51,-1.7463997669863158,0.8658387773825897,0.0
52,-3.9366219177894433,-0.703289550984436,0.0
53,-4.714758624410437,0.46549739850266475,0.0
54,-3.9456801433355735,0.8247226863980532,0.0
55,-4.32431826573355,0.31520212783634777,0.0
56,-3.1583546497660033,-0.7276505618350069,0.0
57,-3.0395641522669354,0.5415237450976591,0.0
58,-3.8961567219108377,0.5365586892765558,0.0
59,-3.0053595567755407,0.06635951900675961,0.0
60,-2.125948074147945,-0.44215538875016186,0.0
61,-3.744736927649316,-0.39352452170892455,0.0
62,-1.881963376647778,0.27346824342800874,0.0
63,-3.2562237332597137,-0.9958303587481058,0.0
64,-3.6913751759672615,-0.031536155704885535,0.0
65,-2.874816878317199,0.46846261108320353,0.0
66,-2.814112589670571,0.8388920724660371,0.0
67,-3.567553023725418,-1.5294903095120682,0.0
68,-3.5725492577639186,0.5619444564954574,0.0
69,-2.4634773101248673,0.052109021582589794,0.0
70,-3.002513483859066,-0.9419516689867197,0.0
71,-2.333142537725212,0.5862193241258683,0.0
72,-4.024192844444371,0.5378722523189441,0.0
73,-3.009035710622896,-1.6179604096256743,0.0
74,-3.054852945575118,-1.5646662612953786,0.0
75,-2.3432900285387577,-0.017813646138044342,0.0
76,-4.180425906244821,0.4178820135785296,0.0
77,-3.5386437385152987,1.4354049222252934,0.0
78,-2.2539998703418616,0.08786963943694746,0.0
79,-1.6964651594048947,-0.38387475340267807,0.0
80,-1.884316580398475,0.766700066747673,0.0
81,-2.274341300195965,-1.5330076040499785,0.0
82,-3.237762308545356,-0.2354846154732373,0.0
83,-3.117968152615718,0.5147401782370189,0.0
84,-3.6328885187495596,-1.4116430273729121,0.0
85,-2.0279813071048016,0.845080803042326,0.0
86,-4.354397980333488,0.5134384958956326,0.0
87,-2.829078433419371,0.774137843989679,0.0
88,-3.426440536022175,0.23252090248277538,0.0
89,-3.807424874252167,0.3042720225218003,0.0
90,-2.7326163318232997,-0.048300544838398934,0.0
91,-1.3154625428177458,0.8110477730441827,0.0
92,-3.014212265367881,-0.02179597665617857,0.0
93,-1.136634314797203,-0.6722830174116379,0.0
94,-3.7128504172049714,-0.41534085975444557,0.0
95,-3.8733149127225612,0.01717001661561101,0.0
96,-3.067306098852074,-0.6057460900100302,0.0
97,-2.634261685737718,1.1319013261282738,0.0
98,-3.9628740580935062,1.2105245235390316,0.0
99,-3.9209571645364516,-0.56910259069737,0.0
100,-4.129454803662291,0.0615077783213316,0.0
101,-2.1455992707783134,0.4821511363136141,0.0
102,-0.8013373359266205,0.12551726215103423,0.0
103,-2.682108907086342,-1.3656784366330714,0.0
104,-1.101527546936582,-1.636637889285129,0.0
105,-2.336005233793076,0.8592510807898595,0.0
106,-2.080389308720586,-0.4296058599094377,0.0
107,-4.153014458295566,1.484661333314451,0.0
108,-3.4978359450462406,0.9327306285549776,0.0
109,-3.18466439751457,0.26219264565239025,0.0
110,-2.9071040968300657,0.6652961211630729,0.0
111,-2.3871771877817505,1.784095877429315,0.0
112,-3.430958421917551,-0.07993073350136219,0.0
113,-0.7319139344195724,-1.0717781705098317,0.0
114,-2.4868733873769724,1.394779014500857,0.0
115,-3.551437339836873,-0.3098230568081875,0.0
116,-1.6863242571917068,-2.8882490711111037,0.0
117,-1.9844863163765816,-1.7299749686294272,0.0
118,-3.784781086575264,1.111199408853477,0.0
119,-2.915376003601858,0.9895893928597173,0.0
120,-0.7294747622826225,-2.2550309364550647,0.0
121,-1.7466406553365297,-0.7353910298753596,0.0
122,-3.4956717220497193,-0.8088822823898111,0.0
123,-2.950843789244522,0.5099731116220738,0.0
124,-4.105065247978276,-0.08076629473558665,0.0
125,-2.632992538474845,0.5095720172839264,0.0
126,-1.8323027080624252,-0.3692460043244237,0.0
127,-3.3672680478790586,0.9015070671659917,0.0
128,-2.664116089302119,-0.6891458747525276,0.0
129,-3.363247082883546,-0.4220295009365824,0.0
130,-2.388467136427285,-2.0139814503834295,0.0
131,-4.019409786675299,-0.10690712350544804,0.0
132,-3.656167509133671,-0.5137356589884025,0.0
133,-2.914825224517924,-0.4480864026948086,0.0
134,-3.576399267851002,0.34908349277911654,0.0
135,-3.756213004539232,-1.2072826970893218,0.0
136,-0.9037187816456251,1.1642143506441902,0.0
137,-2.5277499779900547,-0.20872423043128616,0.0
138,-3.1373711184031436,1.4511620487847257,0.0
139,-2.2573776654242907,-0.6738076746784597,0.0
140,-4.030235469159319,0.34652476918434133,0.0
141,-2.927004348995764,-2.11553245892523,0.0
142,-1.3227512474613805,1.2919229847246743,0.0
143,-4.085552017947782,-1.9821263870554935,0.0
144,-1.6827241738553462,-0.6898923338865518,0.0
145,-3.5723972139453024,0.5672503570565384,0.0
146,-4.191242858891885,-0.00951309356926102,0.0
147,-2.5302170626287603,-1.3173139580896283,0.0
148,-3.5942971164425015,-0.14683302074020074,0.0
149,-3.09874547201344,0.312017719322213,0.0
150,-2.6052622119614304,-1.421055016232288,0.0
151,-3.7320845524474913,-0.8374882816391402,0.0
152,-1.052688937463261,-1.1785750037289282,0.0
153,-2.3524184475459906,0.26395746577931734,0.0
154,-2.7166786361862063,-0.1282998290597909,0.0
155,-2.7103848626543785,0.24130178519815623,0.0
156,-1.3757241163771514,0.16645665886642613,0.0
157,-3.227189327831889,0.0019649755703369347,0.0
158,-1.7038168715411683,-0.3301144238035843,0.0
159,-5.128035760885844,0.18228476237018784,0.0
160,-3.6424278361108864,-2.309380370091769,0.0
161,-3.9443103890668283,-1.4770346688695624,0.0
162,-2.6985009611192883,1.051444563447324,0.0
163,-3.0543806998934304,-1.1284054875803002,0.0
164,-4.793656787608985,0.5653444107289268,0.0
165,-2.5061513974796603,0.6425077617879508,0.0
166,-2.9428980955306523,0.5270182557488079,0.0
167,-4.225642602229001,0.518644970573652,0.0
168,-3.700738088220381,0.191737270967297,0.0
169,-1.9356043320398777,-0.9584890309877799,0.0
170,-3.548053418891334,1.4481894854618438,0.0
171,-2.6883250166977617,1.3186139865676463,0.0
172,-3.685741930965959,-0.5497500540129645,0.0
173,-2.4333781072283625,-0.2479579551653694,0.0
174,-4.663050346474468,-0.3567526202589456,0.0
175,-2.6510138775130194,-0.0002925995717487462,0.0
176,-2.170125121447999,0.38675285089624173,0.0
177,-2.34900104213504,-0.7297710114270165,0.0
178,-2.9081121768447673,-0.1511906334952061,0.0
179,-3.69507641163008,-1.5457217199439894,0.0
180,-2.551245691013662,-0.6270546984191132,0.0
181,-1.406014496431707,0.07109943524305737,0.0
182,-3.448945318215805,1.5824151682091439,0.0
183,-3.9070148864364533,-0.9569895776829555,0.0
184,-2.8526995161397752,0.20800798338239077,0.0
185,-3.2779870681444874,-0.2657786701316966,0.0
186,-3.5183683341859346,-0.4001956000613011,0.0
187,-2.410854475939945,0.8276440034359792,0.0
188,-3.364070566432409,0.5199383396651258,0.0
189,-1.4985679518583297,0.554102187790212,0.0
190,-3.4035321346506033,1.0964073614459238,0.0
191,-2.982248396987666,-1.2480550079715897,0.0
192,-0.8516831797923801,-1.456308251285888,0.0
193,-2.653520591268898,-0.31689197082617326,0.0
194,-4.155276361885434,1.2032532957907076,0.0
195,-3.498874238101845,2.0747148929817993,0.0
196,-2.9752844478304477,0.2859935693649936,0.0
197,-5.223166959912062,0.6945235082650377,0.0
198,-2.538277499390773,-2.0354131070607675,0.0
199,-0.5883765084057759,1.0129948185789786,0.0
200,0.8566156219215388,-1.76038078125968,1.0
201,1.2051793940054678,3.9659831653762656,1.0
202,4.371959049112555,0.24614549137815753,1.0
203,7.356371534266567,-1.8628002807297115,1.0
204,3.7223670839044836,0.38681361775359974,1.0
205,1.1512764241135176,-2.2466752858787356,1.0
206,7.044786696609954,0.7330966336914284,1.0
207,2.7331473669313877,-0.8274914396783948,1.0
208,-3.415112408713786,2.148204955911515,1.0
209,-3.0555001156631123,0.39065869096903105,1.0
210,4.857480590414665,0.15834456252046167,1.0
211,5.360568230996892,-2.8867140561802773,1.0
212,4.781349370692583,-0.3905891725149515,1.0
213,2.7683898980836483,-2.1046184794935185,1.0
214,0.5003520459150845,1.1882799643622226,1.0
215,6.1808429314455635,3.0617099681553674,1.0
216,1.522421228634666,-0.3653555952140113,1.0
217,4.885875110437526,2.450426997014821,1.0
218,3.099579276184094,-2.053697982655894,1.0
219,6.173303368487641,3.186117076696227,1.0
220,5.098091695168803,1.5883602579802405,1.0
221,2.110307916637006,-1.3524526620180477,1.0
222,1.2033385385478095,-1.5497802581787545,1.0
223,1.1545820782530825,-2.0085798715394856,1.0
224,3.353065969578321,-0.5119777707212781,1.0
225,4.228802061817639,-0.6621603567430362,1.0
226,3.1187567108549463,-2.6177578785483275,1.0
227,-1.5804841724567362,-4.44157516239492,1.0
228,0.6016993960519761,1.6413928261980066,1.0
229,0.6127818143907118,5.841655768004687,1.0
230,3.1741622124399833,-3.971308676222151,1.0
231,1.90432488331439,5.715920105279768,1.0
232,2.6485382896338536,-1.628303424629337,1.0
233,6.720808667426093,0.9718951481204412,1.0
234,1.4624100767847723,-0.9590166576722681,1.0
235,7.100905565493728,3.7912819726888003,1.0
236,6.310608604341343,-3.2499717521399596,1.0
237,1.183989100772621,1.340394007289667,1.0
238,5.249366432939022,-0.7701896776677395,1.0
239,5.4559057916291795,-1.5974411966853936,1.0
240,2.2813554970473673,-5.051806155155486,1.0
241,3.39209958748373,0.8484127536120445,1.0
242,1.1331559345040643,0.19113458952713602,1.0
243,0.5990451589787296,-1.2410967001172177,1.0
244,2.0315491175702673,-0.553376227663186,1.0
245,3.4053322947384266,1.8843435286782244,1.0
246,4.6264584552014245,-1.8225524833858273,1.0
247,4.924643764500704,1.5863717900162562,1.0
248,4.167542438060269,-4.551672676987903,1.0
249,5.782297709896331,-0.36383484033824176,1.0
250,2.158193674298842,0.8034519509537514,1.0
251,1.8778631349238717,5.516887212115065,1.0
252,4.973911138898448,3.2547964255808446,1.0
253,5.508164878551108,0.20891718221820038,1.0
254,4.065622964847055,3.20931614755411,1.0
255,1.6368896586287667,1.509567647794978,1.0
256,4.4421866126036775,1.7265187359405885,1.0
257,1.3398873872019583,-0.25857797033241064,1.0
258,-0.78725839727894,1.539208890048077,1.0
259,2.212338675180432,-3.4673808504929413,1.0
260,1.9855758689085266,1.7690849629466168,1.0
261,3.965137226456185,2.9773259072473004,1.0
262,3.815499386087191,-0.4656032810714886,1.0
263,0.42949532334556606,4.366188902931389,1.0
264,6.404723805635159,-3.109461283567747,1.0
265,-0.8242370901315268,2.0739821947172947,1.0
266,11.098380584796693,-0.6802732540805165,1.0
267,4.831381130852515,0.22688324226061518,1.0
268,5.369523299028909,2.1831058075301804,1.0
269,3.1948867693668097,1.1671603744567662,1.0
270,4.454928889988924,1.4485891242615152,1.0
271,0.5097621938872341,-2.5330555377148976,1.0
272,-0.4006639350051091,0.27878239941991384,1.0
273,4.268802363150802,-1.2917817303736154,1.0
274,1.9132721467177727,1.9995207411296279,1.0
275,1.7597740575443264,1.3136272577831423,1.0
276,6.105837658917272,0.7853578898140284,1.0
277,5.085536726702255,0.04840539215647252,1.0
278,-0.5094805521969881,-3.0961035306874587,1.0
279,4.7172541077298025,-0.2791273174389924,1.0
280,7.152433018629819,-2.4587894650582656,1.0
281,6.961467745728065,-2.811594449234712,1.0
282,-1.683021136325146,-2.0082903247137804,1.0
283,5.877191884513891,-2.413442350733714,1.0
284,6.471098548303564,0.7144149613818433,1.0
285,3.4293101251024094,2.9445063736843307,1.0
286,2.235163401364882,2.4030337843112304,1.0
287,1.6114692066283465,-0.8640966031013607,1.0
288,5.415815224861422,-1.2451314959654254,1.0
289,0.9133848514844489,0.46607330062428476,1.0
290,4.793730359292983,1.6241916992232932,1.0
291,0.5407404715439434,-1.0772119054295242,1.0
292,0.5724062943590846,-2.511761736285566,1.0
293,4.9539445921954375,-2.0702236680359865,1.0
294,3.462271624857227,-1.1231483098138124,1.0
295,2.7047412687961034,-0.6734355423493106,1.0
296,1.5454830759800209,2.905768674046939,1.0
297,2.27491862404463,-3.3685146497495175,1.0
298,1.0330019084352364,-1.9719041621830875,1.0
299,4.87498642283049,0.9187196011300329,1.0
300,4.034488755074772,1.185124935264288,1.0
301,4.935578451631668,-0.8966339945579148,1.0
302,2.9842764534690502,1.6414452586539967,1.0
303,4.9289144313222355,-1.8160069522226403,1.0
304,6.230080538689311,0.572917987035771,1.0
305,5.091205497313033,-1.8560794696637122,1.0
306,-0.15824005355026793,0.9904674733620942,1.0
307,2.0370917133404873,1.0051582615735664,1.0
308,0.913275506466749,2.010046555505568,1.0
309,1.3244077142342063,1.9927015177557241,1.0
310,3.2980744406959417,1.073327287966752,1.0
311,3.0831640110352954,-2.381967089092772,1.0
312,1.6506786275877392,1.558587672899851,1.0
313,1.965452609700146,-2.4767363021529913,1.0
314,4.462214911113339,2.264837814304911,1.0
315,2.5362409475771104,5.224048401858779,1.0
316,2.7233160155619824,0.7810734312758819,1.0
317,4.876294584799502,-7.8048978170728205,1.0
318,2.9867647371176456,-0.3779368831648014,1.0
319,1.170854306954342,0.945355580328372,1.0
320,3.237741286968282,-4.4003621162231665,1.0
321,4.17966334033408,-0.5680974412016888,1.0
322,3.944357645508921,-1.7177064670427529,1.0
323,-0.29545640223163305,-1.129037192379269,1.0
324,0.889758513842152,0.1664105749977588,1.0
325,4.708467985721996,-2.459591374813428,1.0
326,4.323126338242638,-2.8102693750763263,1.0
327,2.7883645073800034,1.3885965041390305,1.0
328,2.491386151472448,-1.035285775868503,1.0
329,1.538971950763958,2.7983212469311947,1.0
330,3.241015841058705,2.822985403389771,1.0
331,1.727425654165097,1.7580775352718967,1.0
332,2.9303887982354673,-2.9506592810329813,1.0
333,3.855436916929915,-1.072857906806088,1.0
334,3.683518680670491,0.49120184264759115,1.0
335,6.8126331169503835,1.8169086662718077,1.0
336,-2.3693192346781915,0.5636474334775562,1.0
337,3.4402603057495513,1.690119338135389,1.0
338,4.34565758606682,2.1282444945856858,1.0
339,3.3465579833554484,4.930617247992666,1.0
340,3.9525756560079435,0.1072604066476421,1.0
341,4.0370728323131075,-1.6564392686120861,1.0
342,-1.2541822563905525,0.8978610038138723,1.0
343,6.436374422322892,-3.5937611395547386,1.0
344,1.582823250686335,-3.138252798261762,1.0
345,8.767769854485863,3.0636392778244916,1.0
346,3.6607917544713464,1.4601508399641212,1.0
347,4.632252584874932,1.0962355134471686,1.0
348,2.366048869448478,-0.2774072091516715,1.0
349,4.206786059286397,2.144465447763591,1.0
350,1.9001951602609326,-1.1427404842435032,1.0
351,2.896057380807905,-0.5895975434967978,1.0
352,4.381220601077233,2.3119746150605947,1.0
353,2.6201779674700694,-0.2180402431087241,1.0
354,1.01910563207286,-2.977313946988521,1.0
355,3.2791053450246666,2.3276379358004693,1.0
356,0.7289232070658023,-2.8138847029517935,1.0
357,4.444171200870388,-3.1618071626478055,1.0
358,1.3691822477131883,-0.7240632021294529,1.0
359,2.6545112528102277,1.3765280110699758,1.0
360,2.9856469818489466,1.040388250066877,1.0
361,2.0350502321628046,-1.6393890764805648,1.0
362,0.6248329335134009,0.7735729061883705,1.0
363,1.9444464074644008,-0.1630859639011323,1.0
364,1.7895313486656956,-4.89798127489409,1.0
365,2.981496985543366,-1.3540229808985422,1.0
366,-0.2331040319551283,0.1392095139403006,1.0
367,3.2938051606759524,2.8520727744956713,1.0
368,6.34228812617488,-1.2923580925835496,1.0
369,4.770602916237379,3.4157522475825126,1.0
370,4.964038365525214,-1.5653353039474711,1.0
371,4.783643870244903,0.16770086790512287,1.0
372,5.154887235968165,0.6953399648543551,1.0
373,3.2406705078759876,6.054164873214151,1.0
374,1.672536951484836,-0.20823541688499206,1.0
375,5.895082621699849,0.4625528893500788,1.0
376,1.7600110777796922,0.7645769663781239,1.0
377,3.517409424714494,2.493168366794787,1.0
378,8.190219378338867,-1.0806141975039805,1.0
379,4.100398949276414,1.6632010201459015,1.0
380,2.9656939617760396,-3.8041735942733665,1.0
381,1.3781385687797305,-0.843308641298792,1.0
382,-0.320420039383015,-0.3944881628391748,1.0
383,10.267035334602564,1.3493489591715322,1.0
384,4.054673256413566,-0.42319345533988173,1.0
385,1.431428796609359,-3.504494580145139,1.0
386,1.4928774808408023,-0.8735278873816673,1.0
387,0.03292116054673144,3.7838219941014835,1.0
388,3.407803027426515,2.306339420644887,1.0
389,0.219678540884102,-1.8494562600047875,1.0
390,4.126717868685951,0.6300101850899099,1.0
391,8.012435121113574,2.841569833673972,1.0
392,4.673760196485712,2.096426752433855,1.0
393,5.801183178170023,2.8927405976770633,1.0
394,6.200967165018417,-2.927867348433469,1.0
395,3.118725496483815,-3.3799731564698976,1.0
396,0.832251309869156,-2.3108575297322527,1.0
397,6.036505570979589,-1.2258171180715864,1.0
398,-3.012816568519379,1.7092194463649657,1.0
399,2.696184470136737,0.536815835298436,1.0
